4.1666666666666664e-02
4.3478260869565216e-02
3.1250000000000000e-02
3.8461538461538464e-02
2.4390243902439025e-02
1.6393442622950821e-02
3.8461538461538464e-02
2.1739130434782608e-02
2.2727272727272728e-02
1.4925373134328358e-02
4.3478260869565216e-02
3.4482758620689655e-02
1.7543859649122806e-02
1.6393442622950821e-02
2.5000000000000001e-02
2.7027027027027029e-02
1.7543859649122806e-02
1.6393442622950821e-02
1.5873015873015872e-02
1.4925373134328358e-02
1.7241379310344827e-02
4.1666666666666664e-02
2.2727272727272728e-02
1.6393442622950821e-02
5.0000000000000003e-02
1.4925373134328358e-02
1.7241379310344827e-02
2.5000000000000001e-02
0.0
0.0
4.3478260869565216e-02
3.8461538461538464e-02
1.6393442622950821e-02
2.3255813953488372e-02
3.0303030303030304e-02
1.6393442622950821e-02
2.1739130434782608e-02
2.7027027027027029e-02
1.8518518518518517e-02
5.0000000000000000e-01
3.3333333333333331e-01
3.3333333333333331e-01
1.0000000000000000e+00
3.3333333333333331e-01
3.3333333333333331e-01
3.3333333333333331e-01
1.5873015873015872e-02
1.7241379310344827e-02
1.6949152542372881e-02
1.7241379310344827e-02
1.6393442622950821e-02
1.7241379310344827e-02
1.5873015873015872e-02
1.7241379310344827e-02
1.5873015873015872e-02
1.7241379310344827e-02
4.3478260869565216e-02
4.3478260869565216e-02
0.0
1.6393442622950821e-02
2.0000000000000001e-01
1.4285714285714285e-01
2.0000000000000001e-01
1.4285714285714285e-01
5.0000000000000000e-01
3.3333333333333331e-01
3.8461538461538464e-02
1.0000000000000000e+00
1.7857142857142856e-02
1.5625000000000000e-02
1.0000000000000000e+00
1.0000000000000000e+00
1.6666666666666666e-02
1.6666666666666666e-02
1.6666666666666666e-02
1.7543859649122806e-02
1.7241379310344827e-02
1.6666666666666666e-02
1.6666666666666666e-02
0.0
1.6666666666666666e-02
1.8518518518518517e-02
1.6666666666666666e-02
1.7241379310344827e-02
3.1250000000000000e-02
1.8518518518518517e-02
2.5000000000000000e-01
2.5000000000000000e-01
3.3333333333333331e-01
1.5873015873015872e-02
1.7241379310344827e-02
1.9230769230769232e-02
3.5714285714285712e-02
1.6666666666666666e-02
1.6949152542372881e-02
1.6949152542372881e-02
1.6393442622950821e-02
1.8867924528301886e-02
1.0000000000000000e+00
1.0000000000000000e+00
2.7777777777777776e-02
1.7241379310344827e-02
1.6666666666666666e-02
1.6949152542372881e-02
4.1666666666666664e-02
1.6949152542372881e-02
3.4482758620689655e-02
8.3333333333333329e-02
3.4482758620689655e-02
1.4285714285714285e-01
1.0000000000000000e+00
2.5000000000000000e-01
5.0000000000000000e-01
5.0000000000000000e-01
1.4285714285714285e-01
3.3333333333333331e-01
1.0000000000000000e+00
1.0000000000000000e+00
1.0000000000000000e+00
1.0000000000000000e+00
1.0000000000000000e+00
1.2500000000000000e-01
1.0000000000000000e+00
5.0000000000000000e-01
1.2500000000000000e-01
1.2500000000000000e-01
1.2500000000000000e-01
1.2500000000000000e-01
1.2500000000000000e-01
1.2500000000000000e-01
2.5000000000000000e-01
5.0000000000000000e-01
1.0000000000000000e+00
1.0000000000000000e+00
2.0000000000000001e-01
2.0000000000000001e-01
2.5000000000000000e-01
2.0000000000000001e-01
2.0000000000000001e-01
2.5000000000000000e-01
1.0000000000000000e+00
1.0000000000000000e+00
2.0000000000000001e-01
2.0000000000000001e-01
2.5000000000000000e-01
2.0000000000000001e-01
2.0000000000000001e-01
2.5000000000000000e-01
2.0000000000000001e-01
2.0000000000000001e-01
