2.0491803278688526e-03
5.0000000000000000e-01
3.3333333333333331e-01
2.5000000000000000e-01
3.3333333333333331e-01
5.0000000000000000e-01
1.0000000000000000e+00
1.0000000000000000e+00
1.3755158184319120e-03
1.1534025374855825e-03
1.2077294685990338e-03
1.2077294685990338e-03
1.2077294685990338e-03
1.2077294685990338e-03
1.2077294685990338e-03
1.2077294685990338e-03
1.2077294685990338e-03
1.2077294685990338e-03
2.0491803278688526e-03
1.7953321364452424e-03
1.2077294685990338e-03
9.1074681238615665e-04
1.2077294685990338e-03
1.2077294685990338e-03
1.3642564802182810e-03
1.2077294685990338e-03
1.0683760683760685e-03
1.0683760683760685e-03
2.0491803278688526e-03
1.2077294685990338e-03
1.2077294685990338e-03
1.2077294685990338e-03
1.2077294685990338e-03
1.2077294685990338e-03
1.2077294685990338e-03
1.3755158184319120e-03
1.2077294685990338e-03
1.2077294685990338e-03
1.2077294685990338e-03
1.3642564802182810e-03
1.2077294685990338e-03
1.5649452269170579e-03
1.3106159895150721e-03
1.3755158184319120e-03
1.2077294685990338e-03
1.2515644555694619e-03
1.2515644555694619e-03
1.3106159895150721e-03
1.2515644555694619e-03
1.2515644555694619e-03
2.0491803278688526e-03
1.2515644555694619e-03
1.4771048744460858e-03
1.9762845849802370e-03
1.3755158184319120e-03
2.0491803278688526e-03
1.1534025374855825e-03
1.1534025374855825e-03
1.2077294685990338e-03
2.0491803278688526e-03
1.2077294685990338e-03
2.0491803278688526e-03
2.0491803278688526e-03
2.0491803278688526e-03
2.0491803278688526e-03
2.0491803278688526e-03
2.0491803278688526e-03
1.3755158184319120e-03
2.0491803278688526e-03
2.0491803278688526e-03
2.0491803278688526e-03
2.0491803278688526e-03
2.0491803278688526e-03
2.0491803278688526e-03
2.0491803278688526e-03
2.0491803278688526e-03
1.3605442176870747e-03
2.0491803278688526e-03
2.0491803278688526e-03
2.0491803278688526e-03
2.0491803278688526e-03
2.0491803278688526e-03
1.1001100110011001e-03
2.0491803278688526e-03
1.2077294685990338e-03
1.2077294685990338e-03
2.0491803278688526e-03
1.3755158184319120e-03
2.0491803278688526e-03
2.0491803278688526e-03
2.0491803278688526e-03
1.3755158184319120e-03
1.3755158184319120e-03
1.1001100110011001e-03
2.0491803278688526e-03
2.0491803278688526e-03
9.1074681238615665e-04
1.2077294685990338e-03
1.3642564802182810e-03
2.0491803278688526e-03
2.0491803278688526e-03
1.3071895424836600e-03
2.0491803278688526e-03
1.3755158184319120e-03
1.3642564802182810e-03
2.0491803278688526e-03
2.0491803278688526e-03
2.0491803278688526e-03
2.0491803278688526e-03
1.4556040756914120e-03
1.3642564802182810e-03
2.0491803278688526e-03
2.0491803278688526e-03
1.1862396204033216e-03
1.4556040756914120e-03
1.3927576601671309e-03
1.2515644555694619e-03
2.0491803278688526e-03
2.1834061135371178e-03
1.1862396204033216e-03
1.1862396204033216e-03
1.3642564802182810e-03
1.3927576601671309e-03
2.0491803278688526e-03
1.3642564802182810e-03
2.0491803278688526e-03
2.0491803278688526e-03
1.4858841010401188e-03
2.0491803278688526e-03
1.3642564802182810e-03
2.0491803278688526e-03
1.1862396204033216e-03
1.1862396204033216e-03
2.0491803278688526e-03
1.1862396204033216e-03
1.1862396204033216e-03
1.1862396204033216e-03
1.1862396204033216e-03
1.3755158184319120e-03
2.0491803278688526e-03
1.1862396204033216e-03
2.0491803278688526e-03
1.3642564802182810e-03
2.1459227467811159e-03
1.2077294685990338e-03
1.3755158184319120e-03
1.2515644555694619e-03
1.3642564802182810e-03
1.1862396204033216e-03
2.0491803278688526e-03
1.4749262536873156e-03
2.0491803278688526e-03
1.3755158184319120e-03
2.0491803278688526e-03
1.3755158184319120e-03
1.3755158184319120e-03
1.1862396204033216e-03
1.3755158184319120e-03
1.3280212483399733e-03
1.2515644555694619e-03
1.2738853503184713e-03
1.4326647564469914e-03
2.0491803278688526e-03
1.3755158184319120e-03
2.0491803278688526e-03
2.0491803278688526e-03
1.3642564802182810e-03
2.0491803278688526e-03
1.3755158184319120e-03
2.0491803278688526e-03
2.0491803278688526e-03
2.0491803278688526e-03
1.9801980198019802e-03
1.3927576601671309e-03
1.3106159895150721e-03
2.0491803278688526e-03
1.3755158184319120e-03
1.1001100110011001e-03
1.3755158184319120e-03
1.5649452269170579e-03
2.0408163265306124e-03
1.9305019305019305e-03
1.3106159895150721e-03
2.0491803278688526e-03
2.0491803278688526e-03
1.3755158184319120e-03
1.4858841010401188e-03
1.3755158184319120e-03
2.0491803278688526e-03
1.9801980198019802e-03
2.0491803278688526e-03
1.9801980198019802e-03
1.9801980198019802e-03
1.9801980198019802e-03
1.9801980198019802e-03
1.9801980198019802e-03
1.3927576601671309e-03
1.3755158184319120e-03
1.9801980198019802e-03
2.0491803278688526e-03
1.1862396204033216e-03
1.4347202295552368e-03
1.5649452269170579e-03
2.0408163265306124e-03
1.2515644555694619e-03
1.9801980198019802e-03
1.4556040756914120e-03
1.4749262536873156e-03
1.1862396204033216e-03
1.5649452269170579e-03
1.1862396204033216e-03
1.3755158184319120e-03
2.0491803278688526e-03
2.0491803278688526e-03
1.3642564802182810e-03
1.3755158184319120e-03
1.3755158184319120e-03
2.0491803278688526e-03
2.0491803278688526e-03
1.4556040756914120e-03
1.3755158184319120e-03
1.4347202295552368e-03
1.5649452269170579e-03
1.5649452269170579e-03
1.5649452269170579e-03
1.3642564802182810e-03
1.2738853503184713e-03
1.3642564802182810e-03
1.3642564802182810e-03
1.9801980198019802e-03
1.3280212483399733e-03
2.1413276231263384e-03
1.7301038062283738e-03
2.0408163265306124e-03
1.3642564802182810e-03
1.8939393939393940e-03
1.3642564802182810e-03
1.9801980198019802e-03
1.4749262536873156e-03
2.1551724137931034e-03
1.2738853503184713e-03
1.5649452269170579e-03
1.6501650165016502e-03
2.0491803278688526e-03
2.0408163265306124e-03
2.1321961620469083e-03
1.5649452269170579e-03
1.3755158184319120e-03
1.3642564802182810e-03
1.3755158184319120e-03
2.0661157024793389e-03
1.9801980198019802e-03
1.3642564802182810e-03
1.3755158184319120e-03
1.3642564802182810e-03
1.3755158184319120e-03
1.4749262536873156e-03
1.3755158184319120e-03
1.3755158184319120e-03
1.3927576601671309e-03
1.3755158184319120e-03
1.4749262536873156e-03
1.6583747927031510e-03
1.3755158184319120e-03
1.3755158184319120e-03
1.4749262536873156e-03
1.3755158184319120e-03
1.3755158184319120e-03
1.4749262536873156e-03
1.3755158184319120e-03
1.3755158184319120e-03
1.3755158184319120e-03
1.3755158184319120e-03
1.3717421124828531e-03
1.3755158184319120e-03
1.3755158184319120e-03
1.2738853503184713e-03
1.3812154696132596e-03
1.4347202295552368e-03
1.3755158184319120e-03
1.3755158184319120e-03
1.3755158184319120e-03
1.3755158184319120e-03
1.7825311942959001e-03
1.3755158184319120e-03
1.3717421124828531e-03
1.5649452269170579e-03
1.3755158184319120e-03
2.1231422505307855e-03
1.3755158184319120e-03
1.3755158184319120e-03
1.3755158184319120e-03
1.3755158184319120e-03
1.3755158184319120e-03
1.3755158184319120e-03
1.3755158184319120e-03
1.3755158184319120e-03
1.7301038062283738e-03
1.3755158184319120e-03
1.3755158184319120e-03
2.0491803278688526e-03
1.3755158184319120e-03
1.3642564802182810e-03
2.0283975659229209e-03
2.0491803278688526e-03
1.9801980198019802e-03
1.3755158184319120e-03
1.3642564802182810e-03
1.3717421124828531e-03
1.5649452269170579e-03
1.3642564802182810e-03
2.0491803278688526e-03
1.3755158184319120e-03
1.3755158184319120e-03
1.5649452269170579e-03
1.5649452269170579e-03
1.3755158184319120e-03
1.1862396204033216e-03
1.3642564802182810e-03
1.4749262536873156e-03
1.3089005235602095e-03
1.3642564802182810e-03
1.2820512820512821e-03
2.0576131687242800e-03
2.0661157024793389e-03
1.3717421124828531e-03
1.5649452269170579e-03
1.3755158184319120e-03
2.0661157024793389e-03
2.0576131687242800e-03
1.1862396204033216e-03
2.0576131687242800e-03
1.3927576601671309e-03
1.5649452269170579e-03
1.5649452269170579e-03
1.3642564802182810e-03
1.3755158184319120e-03
1.5649452269170579e-03
1.3755158184319120e-03
1.3642564802182810e-03
1.3755158184319120e-03
1.3755158184319120e-03
1.6611295681063123e-03
2.2421524663677130e-03
2.1551724137931034e-03
2.0576131687242800e-03
1.3755158184319120e-03
1.3755158184319120e-03
1.3755158184319120e-03
1.3755158184319120e-03
1.3755158184319120e-03
1.3755158184319120e-03
1.3755158184319120e-03
2.0491803278688526e-03
1.3755158184319120e-03
1.3755158184319120e-03
2.0576131687242800e-03
1.4749262536873156e-03
1.5649452269170579e-03
1.5649452269170579e-03
1.3755158184319120e-03
2.1645021645021645e-03
1.3642564802182810e-03
1.3755158184319120e-03
1.3755158184319120e-03
1.4858841010401188e-03
1.6611295681063123e-03
2.0491803278688526e-03
1.4749262536873156e-03
1.3755158184319120e-03
1.3642564802182810e-03
1.8867924528301887e-03
1.4347202295552368e-03
2.1413276231263384e-03
1.3642564802182810e-03
2.1551724137931034e-03
1.4858841010401188e-03
1.3642564802182810e-03
1.3642564802182810e-03
1.3440860215053765e-03
1.3642564802182810e-03
1.4858841010401188e-03
2.0576131687242800e-03
2.0408163265306124e-03
2.1551724137931034e-03
1.3642564802182810e-03
1.3755158184319120e-03
1.4858841010401188e-03
2.1551724137931034e-03
1.3642564802182810e-03
2.1551724137931034e-03
2.0576131687242800e-03
2.1551724137931034e-03
1.5649452269170579e-03
2.0491803278688526e-03
1.3755158184319120e-03
1.3642564802182810e-03
1.3642564802182810e-03
1.3642564802182810e-03
1.3642564802182810e-03
1.3642564802182810e-03
2.1551724137931034e-03
1.3642564802182810e-03
1.3642564802182810e-03
1.3642564802182810e-03
1.3717421124828531e-03
1.3755158184319120e-03
1.8867924528301887e-03
1.1862396204033216e-03
1.3642564802182810e-03
1.3054830287206266e-03
2.1551724137931034e-03
1.3755158184319120e-03
1.3642564802182810e-03
1.2738853503184713e-03
1.3642564802182810e-03
2.0661157024793389e-03
2.1551724137931034e-03
1.5649452269170579e-03
1.3642564802182810e-03
1.3642564802182810e-03
2.0661157024793389e-03
1.3717421124828531e-03
1.3755158184319120e-03
1.3642564802182810e-03
2.0491803278688526e-03
2.0661157024793389e-03
1.5649452269170579e-03
1.5649452269170579e-03
1.6611295681063123e-03
1.5649452269170579e-03
1.3642564802182810e-03
2.1551724137931034e-03
2.0661157024793389e-03
1.3755158184319120e-03
2.0491803278688526e-03
1.8018018018018018e-03
1.4814814814814814e-03
1.3717421124828531e-03
1.8867924528301887e-03
2.1413276231263384e-03
2.0661157024793389e-03
2.0661157024793389e-03
1.3642564802182810e-03
2.0661157024793389e-03
2.0661157024793389e-03
2.1413276231263384e-03
1.5649452269170579e-03
2.0661157024793389e-03
2.0661157024793389e-03
1.5649452269170579e-03
1.8867924528301887e-03
1.3755158184319120e-03
2.1413276231263384e-03
1.5649452269170579e-03
1.3927576601671309e-03
1.5649452269170579e-03
1.8867924528301887e-03
2.1413276231263384e-03
1.5649452269170579e-03
2.1413276231263384e-03
1.3755158184319120e-03
1.3642564802182810e-03
1.2738853503184713e-03
1.3755158184319120e-03
1.5649452269170579e-03
1.4947683109118087e-03
1.5649452269170579e-03
1.3755158184319120e-03
1.3089005235602095e-03
1.3642564802182810e-03
1.3642564802182810e-03
1.5649452269170579e-03
1.2515644555694619e-03
2.6455026455026454e-03
1.3440860215053765e-03
2.1691973969631237e-03
1.4903129657228018e-03
1.3679890560875513e-03
2.1413276231263384e-03
2.1413276231263384e-03
1.5649452269170579e-03
1.5649452269170579e-03
1.5649452269170579e-03
1.8867924528301887e-03
1.4347202295552368e-03
1.5649452269170579e-03
1.5649452269170579e-03
1.3642564802182810e-03
1.3755158184319120e-03
1.8867924528301887e-03
1.4814814814814814e-03
1.5649452269170579e-03
1.3642564802182810e-03
1.5649452269170579e-03
1.5649452269170579e-03
1.5649452269170579e-03
1.3642564802182810e-03
1.5649452269170579e-03
2.1834061135371178e-03
1.3717421124828531e-03
1.5649452269170579e-03
1.5649452269170579e-03
1.3927576601671309e-03
1.5649452269170579e-03
1.3927576601671309e-03
1.8867924528301887e-03
1.8867924528301887e-03
1.5649452269170579e-03
1.4347202295552368e-03
2.1413276231263384e-03
1.5649452269170579e-03
1.4347202295552368e-03
2.2779043280182231e-03
1.8867924528301887e-03
1.5649452269170579e-03
1.8867924528301887e-03
1.5649452269170579e-03
2.0576131687242800e-03
1.5649452269170579e-03
1.8867924528301887e-03
1.3642564802182810e-03
1.5649452269170579e-03
1.5649452269170579e-03
1.4814814814814814e-03
1.5625000000000001e-03
1.5649452269170579e-03
1.5649452269170579e-03
1.8867924528301887e-03
1.8867924528301887e-03
1.8867924528301887e-03
1.5649452269170579e-03
2.0576131687242800e-03
1.3089005235602095e-03
1.8867924528301887e-03
1.8867924528301887e-03
1.8867924528301887e-03
2.0576131687242800e-03
2.1551724137931034e-03
1.8867924528301887e-03
2.1505376344086021e-03
1.4347202295552368e-03
2.0491803278688526e-03
1.3089005235602095e-03
1.3755158184319120e-03
2.0576131687242800e-03
1.5649452269170579e-03
1.5649452269170579e-03
1.5649452269170579e-03
1.8867924528301887e-03
1.8867924528301887e-03
1.5649452269170579e-03
2.1413276231263384e-03
2.1413276231263384e-03
2.1413276231263384e-03
1.5748031496062992e-03
1.5649452269170579e-03
2.1413276231263384e-03
1.5649452269170579e-03
1.5649452269170579e-03
1.8867924528301887e-03
1.5649452269170579e-03
1.5649452269170579e-03
2.1834061135371178e-03
1.5649452269170579e-03
1.5649452269170579e-03
2.1413276231263384e-03
1.5649452269170579e-03
2.1834061135371178e-03
1.5649452269170579e-03
2.1834061135371178e-03
2.0408163265306124e-03
2.1834061135371178e-03
1.3755158184319120e-03
2.2779043280182231e-03
1.5649452269170579e-03
1.5649452269170579e-03
1.3054830287206266e-03
1.5649452269170579e-03
2.1276595744680851e-03
1.5649452269170579e-03
1.5649452269170579e-03
1.3679890560875513e-03
1.5649452269170579e-03
1.5649452269170579e-03
2.0661157024793389e-03
1.8867924528301887e-03
2.1413276231263384e-03
1.5649452269170579e-03
1.8867924528301887e-03
1.5649452269170579e-03
1.5748031496062992e-03
1.5649452269170579e-03
1.5649452269170579e-03
1.5649452269170579e-03
1.5649452269170579e-03
1.5649452269170579e-03
1.3755158184319120e-03
1.5649452269170579e-03
1.5649452269170579e-03
2.0661157024793389e-03
1.5649452269170579e-03
1.5649452269170579e-03
1.5649452269170579e-03
2.1413276231263384e-03
2.1413276231263384e-03
1.5649452269170579e-03
1.4641288433382138e-03
1.5649452269170579e-03
1.4641288433382138e-03
1.8867924528301887e-03
1.8903591682419660e-03
2.1645021645021645e-03
1.7825311942959001e-03
2.0661157024793389e-03
1.5649452269170579e-03
2.1413276231263384e-03
2.1834061135371178e-03
2.0661157024793389e-03
1.4814814814814814e-03
1.8867924528301887e-03
2.0661157024793389e-03
1.8867924528301887e-03
1.5649452269170579e-03
2.0491803278688526e-03
1.5649452269170579e-03
1.4814814814814814e-03
1.5649452269170579e-03
2.1834061135371178e-03
2.0491803278688526e-03
2.1413276231263384e-03
1.4814814814814814e-03
1.5649452269170579e-03
1.5649452269170579e-03
1.5649452269170579e-03
2.1413276231263384e-03
2.3419203747072600e-03
1.5649452269170579e-03
2.0661157024793389e-03
2.0661157024793389e-03
1.5649452269170579e-03
2.0408163265306124e-03
1.5649452269170579e-03
1.4814814814814814e-03
2.0491803278688526e-03
1.8867924528301887e-03
1.4814814814814814e-03
1.5649452269170579e-03
1.5649452269170579e-03
2.1834061135371178e-03
1.5060240963855422e-03
1.5649452269170579e-03
2.1413276231263384e-03
1.5649452269170579e-03
1.5649452269170579e-03
1.5649452269170579e-03
1.8050541516245488e-03
1.8867924528301887e-03
1.6583747927031510e-03
1.5649452269170579e-03
2.1413276231263384e-03
2.1691973969631237e-03
1.5649452269170579e-03
2.1413276231263384e-03
1.9047619047619048e-03
2.1413276231263384e-03
1.5649452269170579e-03
1.5649452269170579e-03
2.1413276231263384e-03
2.1413276231263384e-03
2.2573363431151240e-03
1.5723270440251573e-03
1.4771048744460858e-03
1.5898251192368840e-03
2.1413276231263384e-03
1.5649452269170579e-03
1.8903591682419660e-03
1.3927576601671309e-03
1.3927576601671309e-03
1.3717421124828531e-03
1.6835016835016834e-03
2.1276595744680851e-03
1.5649452269170579e-03
2.1834061135371178e-03
1.8867924528301887e-03
1.5748031496062992e-03
1.5649452269170579e-03
1.5649452269170579e-03
2.1413276231263384e-03
1.3089005235602095e-03
2.2075055187637969e-03
2.1186440677966102e-03
1.3642564802182810e-03
2.1691973969631237e-03
2.3419203747072600e-03
1.3717421124828531e-03
1.2376237623762376e-03
1.4814814814814814e-03
1.5649452269170579e-03
1.5649452269170579e-03
2.0661157024793389e-03
1.5748031496062992e-03
2.6809651474530832e-03
1.5649452269170579e-03
2.1413276231263384e-03
2.3419203747072600e-03
1.5649452269170579e-03
2.2172949002217295e-03
2.1413276231263384e-03
2.1645021645021645e-03
1.5923566878980893e-03
2.3419203747072600e-03
1.6778523489932886e-03
1.8867924528301887e-03
2.1834061135371178e-03
2.1645021645021645e-03
1.5649452269170579e-03
1.5649452269170579e-03
1.5649452269170579e-03
2.3419203747072600e-03
1.5649452269170579e-03
2.1413276231263384e-03
1.5649452269170579e-03
1.8867924528301887e-03
1.5649452269170579e-03
1.5649452269170579e-03
1.4204545454545455e-03
2.1413276231263384e-03
2.1645021645021645e-03
2.1645021645021645e-03
2.1834061135371178e-03
1.5649452269170579e-03
1.5649452269170579e-03
2.1231422505307855e-03
1.8867924528301887e-03
1.6025641025641025e-03
1.5649452269170579e-03
1.5649452269170579e-03
1.8867924528301887e-03
2.1645021645021645e-03
2.3419203747072600e-03
1.5649452269170579e-03
1.5748031496062992e-03
2.1645021645021645e-03
2.1505376344086021e-03
1.8867924528301887e-03
1.8867924528301887e-03
1.5649452269170579e-03
2.1645021645021645e-03
1.5649452269170579e-03
2.1551724137931034e-03
1.5649452269170579e-03
2.1645021645021645e-03
1.8867924528301887e-03
2.0661157024793389e-03
1.8867924528301887e-03
1.5649452269170579e-03
1.5748031496062992e-03
2.1413276231263384e-03
1.8867924528301887e-03
1.3368983957219251e-03
2.1834061135371178e-03
2.1505376344086021e-03
1.5649452269170579e-03
2.3419203747072600e-03
1.5649452269170579e-03
1.5649452269170579e-03
1.3368983957219251e-03
1.5649452269170579e-03
1.3089005235602095e-03
1.8867924528301887e-03
1.3089005235602095e-03
1.8867924528301887e-03
1.4814814814814814e-03
1.5649452269170579e-03
1.5649452269170579e-03
1.5649452269170579e-03
1.3262599469496021e-03
1.4044943820224719e-03
1.3089005235602095e-03
1.5649452269170579e-03
1.5748031496062992e-03
1.5649452269170579e-03
1.3089005235602095e-03
1.5649452269170579e-03
2.1645021645021645e-03
1.5698587127158557e-03
2.1505376344086021e-03
1.3869625520110957e-03
2.1598272138228943e-03
2.0661157024793389e-03
1.5625000000000001e-03
1.5649452269170579e-03
2.0661157024793389e-03
1.5649452269170579e-03
1.5649452269170579e-03
1.4641288433382138e-03
1.5649452269170579e-03
1.4044943820224719e-03
1.4858841010401188e-03
1.5625000000000001e-03
1.5649452269170579e-03
1.5060240963855422e-03
1.5748031496062992e-03
1.5649452269170579e-03
2.1645021645021645e-03
1.8867924528301887e-03
1.5625000000000001e-03
2.1645021645021645e-03
1.3262599469496021e-03
1.5649452269170579e-03
1.5408320493066256e-03
2.2675736961451248e-03
1.5174506828528073e-03
1.4880952380952380e-03
2.1645021645021645e-03
1.4641288433382138e-03
2.1413276231263384e-03
1.4880952380952380e-03
1.3440860215053765e-03
1.4970059880239522e-03
2.0661157024793389e-03
2.1645021645021645e-03
2.0576131687242800e-03
1.5649452269170579e-03
2.2675736961451248e-03
1.5060240963855422e-03
1.4880952380952380e-03
1.5748031496062992e-03
1.5060240963855422e-03
1.6722408026755853e-03
1.5060240963855422e-03
2.1834061135371178e-03
2.1978021978021978e-03
1.5060240963855422e-03
2.3419203747072600e-03
1.5060240963855422e-03
1.5649452269170579e-03
2.1276595744680851e-03
2.1276595744680851e-03
1.2987012987012987e-03
2.1978021978021978e-03
1.5748031496062992e-03
2.1978021978021978e-03
2.1978021978021978e-03
2.1413276231263384e-03
1.3123359580052493e-03
2.1978021978021978e-03
1.5060240963855422e-03
1.5748031496062992e-03
2.1551724137931034e-03
1.5748031496062992e-03
1.5748031496062992e-03
1.5748031496062992e-03
1.5748031496062992e-03
1.5748031496062992e-03
1.5748031496062992e-03
2.1551724137931034e-03
1.5748031496062992e-03
1.5748031496062992e-03
2.2675736961451248e-03
1.5748031496062992e-03
1.5748031496062992e-03
1.6025641025641025e-03
2.5906735751295338e-03
1.6000000000000001e-03
1.5748031496062992e-03
1.2755102040816326e-03
1.6025641025641025e-03
1.5748031496062992e-03
2.1978021978021978e-03
2.1978021978021978e-03
1.5748031496062992e-03
1.3280212483399733e-03
2.2222222222222222e-03
2.1978021978021978e-03
1.6366612111292963e-03
2.1413276231263384e-03
2.1978021978021978e-03
1.5748031496062992e-03
2.3419203747072600e-03
2.1551724137931034e-03
2.1978021978021978e-03
2.2675736961451248e-03
2.1367521367521370e-03
1.3123359580052493e-03
2.1978021978021978e-03
2.1978021978021978e-03
2.1978021978021978e-03
2.1978021978021978e-03
2.1834061135371178e-03
2.1978021978021978e-03
2.1978021978021978e-03
1.5649452269170579e-03
2.1978021978021978e-03
2.8248587570621469e-03
2.1097046413502108e-03
1.5698587127158557e-03
2.1978021978021978e-03
1.3123359580052493e-03
1.5772870662460567e-03
1.6025641025641025e-03
2.1978021978021978e-03
2.1978021978021978e-03
2.1978021978021978e-03
2.1978021978021978e-03
2.1978021978021978e-03
2.1978021978021978e-03
2.1978021978021978e-03
2.1978021978021978e-03
1.6025641025641025e-03
1.5898251192368840e-03
2.1978021978021978e-03
1.6025641025641025e-03
1.6025641025641025e-03
2.1978021978021978e-03
1.6051364365971107e-03
1.6000000000000001e-03
2.8818443804034580e-03
1.6025641025641025e-03
1.6000000000000001e-03
1.5748031496062992e-03
2.1978021978021978e-03
2.2779043280182231e-03
1.6025641025641025e-03
1.6025641025641025e-03
2.7855153203342618e-03
1.6025641025641025e-03
1.6025641025641025e-03
1.6025641025641025e-03
2.7855153203342618e-03
2.5510204081632651e-03
1.6025641025641025e-03
1.6000000000000001e-03
1.6025641025641025e-03
1.5748031496062992e-03
1.6025641025641025e-03
1.6000000000000001e-03
2.5906735751295338e-03
1.6025641025641025e-03
1.6025641025641025e-03
2.1413276231263384e-03
1.6025641025641025e-03
1.6025641025641025e-03
1.8621973929236499e-03
2.1978021978021978e-03
1.6025641025641025e-03
1.6025641025641025e-03
1.6025641025641025e-03
1.6260162601626016e-03
2.1276595744680851e-03
1.6025641025641025e-03
1.6025641025641025e-03
2.1978021978021978e-03
1.4970059880239522e-03
2.1097046413502108e-03
2.1413276231263384e-03
1.6025641025641025e-03
1.6051364365971107e-03
1.6025641025641025e-03
2.1978021978021978e-03
2.2675736961451248e-03
2.1978021978021978e-03
2.8089887640449437e-03
1.6025641025641025e-03
1.6025641025641025e-03
1.6583747927031510e-03
1.6025641025641025e-03
1.6025641025641025e-03
1.6025641025641025e-03
1.6611295681063123e-03
1.6025641025641025e-03
1.6611295681063123e-03
1.6611295681063123e-03
2.1978021978021978e-03
1.6025641025641025e-03
2.0790020790020791e-03
1.6025641025641025e-03
1.6025641025641025e-03
2.1978021978021978e-03
2.1978021978021978e-03
2.1978021978021978e-03
2.7932960893854749e-03
2.1978021978021978e-03
2.1691973969631237e-03
2.1097046413502108e-03
1.5748031496062992e-03
1.6611295681063123e-03
1.4492753623188406e-03
1.2987012987012987e-03
2.8490028490028491e-03
2.4875621890547263e-03
6.6225165562913907e-03
1.2953367875647669e-03
1.6366612111292963e-03
1.4104372355430183e-03
2.1978021978021978e-03
1.4104372355430183e-03
2.1978021978021978e-03
1.6000000000000001e-03
2.8248587570621469e-03
1.4245014245014246e-03
1.5060240963855422e-03
1.6339869281045752e-03
1.6025641025641025e-03
1.6025641025641025e-03
1.6366612111292963e-03
1.4598540145985401e-03
1.6025641025641025e-03
1.6051364365971107e-03
1.4245014245014246e-03
1.5384615384615385e-03
1.5822784810126582e-03
2.2172949002217295e-03
5.0000000000000000e-01
2.5000000000000000e-01
2.1978021978021978e-03
1.4925373134328358e-03
1.4306151645207439e-03
1.5923566878980893e-03
5.2083333333333330e-03
1.5384615384615385e-03
2.0576131687242800e-03
5.5865921787709499e-03
1.4306151645207439e-03
1.5847860538827259e-03
0.0
1.5923566878980893e-03
5.2083333333333330e-03
5.2083333333333330e-03
1.7331022530329288e-03
1.4306151645207439e-03
1.4306151645207439e-03
2.1978021978021978e-03
1.6025641025641025e-03
5.2083333333333330e-03
5.2083333333333330e-03
1.5384615384615385e-03
1.6000000000000001e-03
5.2083333333333330e-03
3.2573289902280132e-03
2.0576131687242800e-03
5.2083333333333330e-03
5.2083333333333330e-03
1.6286644951140066e-03
5.2083333333333330e-03
4.4642857142857140e-03
1.4306151645207439e-03
2.1881838074398249e-03
1.6051364365971107e-03
5.2083333333333330e-03
5.2083333333333330e-03
5.2083333333333330e-03
4.4642857142857140e-03
5.2083333333333330e-03
1.6778523489932886e-03
5.2083333333333330e-03
1.6286644951140066e-03
5.2083333333333330e-03
2.8571428571428571e-03
5.2083333333333330e-03
5.2083333333333330e-03
2.1551724137931034e-03
5.2083333333333330e-03
1.6286644951140066e-03
5.2083333333333330e-03
5.2083333333333330e-03
5.2083333333333330e-03
1.6638935108153079e-03
5.2083333333333330e-03
5.2083333333333330e-03
1.6129032258064516e-03
5.2083333333333330e-03
5.2083333333333330e-03
5.2083333333333330e-03
5.2083333333333330e-03
5.2083333333333330e-03
5.2083333333333330e-03
1.6000000000000001e-03
1.6339869281045752e-03
5.2083333333333330e-03
5.2083333333333330e-03
5.2083333333333330e-03
5.2083333333333330e-03
5.5865921787709499e-03
1.5290519877675841e-03
5.2083333333333330e-03
5.2083333333333330e-03
2.9154518950437317e-03
5.2083333333333330e-03
5.2083333333333330e-03
5.2083333333333330e-03
2.1413276231263384e-03
5.2083333333333330e-03
1.4306151645207439e-03
1.4306151645207439e-03
5.2083333333333330e-03
1.5822784810126582e-03
5.2083333333333330e-03
5.2083333333333330e-03
1.4306151645207439e-03
1.4306151645207439e-03
1.4306151645207439e-03
1.4306151645207439e-03
1.4306151645207439e-03
1.4306151645207439e-03
1.4245014245014246e-03
2.2935779816513763e-03
1.5822784810126582e-03
1.5822784810126582e-03
1.4306151645207439e-03
5.2083333333333330e-03
5.2083333333333330e-03
5.2083333333333330e-03
1.6778523489932886e-03
2.6737967914438501e-03
2.1413276231263384e-03
2.3923444976076554e-03
5.2083333333333330e-03
5.2083333333333330e-03
5.2083333333333330e-03
4.4642857142857140e-03
1.4306151645207439e-03
5.2083333333333330e-03
5.2083333333333330e-03
3.8167938931297708e-03
2.4875621890547263e-03
5.2083333333333330e-03
1.5822784810126582e-03
5.2083333333333330e-03
5.2083333333333330e-03
3.4482758620689655e-03
3.8167938931297708e-03
3.8167938931297708e-03
3.2051282051282050e-03
5.2083333333333330e-03
5.2083333333333330e-03
1.5128593040847202e-03
5.2083333333333330e-03
5.2083333333333330e-03
1.6339869281045752e-03
5.2083333333333330e-03
1.7543859649122807e-03
1.6155088852988692e-03
6.9444444444444441e-03
1.5174506828528073e-03
2.4570024570024569e-03
1.5174506828528073e-03
1.5128593040847202e-03
3.0487804878048782e-03
1.5174506828528073e-03
1.5174506828528073e-03
2.6737967914438501e-03
5.2083333333333330e-03
1.5174506828528073e-03
5.2083333333333330e-03
1.5174506828528073e-03
1.5337423312883436e-03
1.3605442176870747e-03
2.0408163265306124e-03
1.5174506828528073e-03
1.7361111111111110e-03
2.6737967914438501e-03
1.5174506828528073e-03
1.6025641025641025e-03
1.3351134846461949e-03
1.6806722689075631e-03
1.3605442176870747e-03
2.0283975659229209e-03
1.5174506828528073e-03
4.0816326530612249e-03
1.6393442622950820e-03
1.5174506828528073e-03
9.3457943925233638e-03
2.2371364653243847e-03
1.6501650165016502e-03
1.5128593040847202e-03
1.6155088852988692e-03
3.0487804878048782e-03
1.5822784810126582e-03
1.6447368421052631e-03
2.6666666666666666e-03
1.3605442176870747e-03
1.3605442176870747e-03
1.7543859649122807e-03
1.3605442176870747e-03
1.3605442176870747e-03
1.3605442176870747e-03
1.3605442176870747e-03
1.3605442176870747e-03
1.3605442176870747e-03
1.3605442176870747e-03
1.5384615384615385e-03
3.6764705882352941e-03
3.2573289902280132e-03
2.4570024570024569e-03
2.6737967914438501e-03
1.3605442176870747e-03
9.3457943925233638e-03
9.3457943925233638e-03
9.3457943925233638e-03
9.3457943925233638e-03
9.3457943925233638e-03
9.3457943925233638e-03
9.3457943925233638e-03
1.8115942028985507e-03
5.2631578947368418e-02
9.3457943925233638e-03
2.1505376344086021e-03
6.9930069930069930e-03
2.6666666666666666e-03
6.9930069930069930e-03
3.6764705882352941e-03
6.9930069930069930e-03
1.6666666666666666e-01
6.9930069930069930e-03
6.9930069930069930e-03
6.9930069930069930e-03
9.3457943925233638e-03
5.7142857142857143e-03
6.9930069930069930e-03
6.9930069930069930e-03
2.8901734104046241e-03
9.3457943925233638e-03
5.8823529411764705e-03
5.7142857142857143e-03
5.7142857142857143e-03
7.2992700729927005e-03
6.9930069930069930e-03
9.3457943925233638e-03
6.9930069930069930e-03
7.5187969924812026e-03
2.4570024570024569e-03
6.9930069930069930e-03
7.1428571428571426e-03
1.3831258644536654e-03
2.0000000000000001e-01
1.3698630136986301e-02
1.7667844522968198e-03
6.9930069930069930e-03
6.9930069930069930e-03
1.7543859649122807e-03
9.3457943925233638e-03
1.3698630136986301e-02
1.7543859649122807e-03
9.3457943925233638e-03
9.3457943925233638e-03
9.3457943925233638e-03
6.9930069930069930e-03
4.4843049327354259e-03
6.9930069930069930e-03
1.7543859649122807e-03
1.6420361247947454e-03
9.3457943925233638e-03
8.7719298245614030e-03
6.9930069930069930e-03
6.9930069930069930e-03
6.9930069930069930e-03
4.5454545454545456e-02
9.3457943925233638e-03
7.6923076923076927e-02
1.4084507042253521e-02
1.7271157167530224e-03
1.3698630136986301e-02
9.3457943925233638e-03
1.7543859649122807e-03
9.3457943925233638e-03
9.3457943925233638e-03
9.3457943925233638e-03
2.6737967914438501e-03
9.3457943925233638e-03
9.3457943925233638e-03
9.3457943925233638e-03
9.3457943925233638e-03
9.3457943925233638e-03
9.3457943925233638e-03
9.3457943925233638e-03
9.3457943925233638e-03
9.3457943925233638e-03
9.3457943925233638e-03
9.3457943925233638e-03
9.3457943925233638e-03
9.3457943925233638e-03
9.3457943925233638e-03
9.3457943925233638e-03
9.3457943925233638e-03
7.6923076923076927e-02
9.3457943925233638e-03
9.3457943925233638e-03
9.3457943925233638e-03
9.3457943925233638e-03
7.6923076923076927e-02
4.0000000000000001e-02
6.9930069930069930e-03
4.8076923076923080e-03
9.3457943925233638e-03
4.0816326530612249e-03
1.3698630136986301e-02
7.2463768115942030e-03
1.0000000000000000e+00
9.3457943925233638e-03
9.3457943925233638e-03
7.2992700729927005e-03
4.7393364928909956e-03
6.9930069930069930e-03
4.7393364928909956e-03
1.6181229773462784e-03
6.6666666666666666e-02
4.7393364928909956e-03
4.7393364928909956e-03
9.3457943925233638e-03
4.7393364928909956e-03
4.7393364928909956e-03
1.9230769230769232e-02
4.8309178743961350e-03
9.3457943925233638e-03
6.9930069930069930e-03
9.3457943925233638e-03
9.3457943925233638e-03
4.7393364928909956e-03
4.7393364928909956e-03
4.9504950495049506e-03
2.2727272727272728e-02
3.6900369003690036e-03
9.3457943925233638e-03
6.3291139240506328e-03
8.3333333333333329e-02
8.2644628099173556e-03
7.0422535211267607e-03
9.3457943925233638e-03
7.2992700729927005e-03
7.2463768115942030e-03
8.3333333333333332e-03
2.4570024570024569e-03
4.7393364928909956e-03
4.7393364928909956e-03
7.2463768115942030e-03
6.6225165562913907e-03
4.7393364928909956e-03
4.7393364928909956e-03
6.9930069930069930e-03
7.5187969924812026e-03
2.3255813953488372e-02
1.0526315789473684e-02
4.7393364928909956e-03
1.0752688172043012e-02
2.4570024570024569e-03
2.5000000000000000e-01
1.9607843137254902e-02
4.7393364928909956e-03
9.5238095238095247e-03
2.0000000000000001e-01
7.8740157480314960e-03
2.4390243902439025e-02
7.8740157480314960e-03
6.2500000000000000e-02
2.4570024570024569e-03
2.2727272727272728e-02
2.4570024570024569e-03
1.5847860538827259e-03
6.6666666666666666e-02
8.7719298245614030e-03
3.6363636363636364e-03
8.3333333333333332e-03
7.1428571428571426e-03
5.0000000000000000e-01
6.6225165562913907e-03
8.1300813008130090e-03
7.6923076923076927e-03
1.5384615384615385e-02
1.3157894736842105e-02
7.8740157480314960e-03
7.6923076923076927e-02
7.7519379844961239e-03
7.1428571428571426e-03
7.1428571428571425e-02
7.0422535211267607e-03
8.9285714285714281e-03
7.1428571428571426e-03
1.3513513513513514e-02
8.1300813008130090e-03
7.1428571428571426e-03
7.2992700729927005e-03
7.8740157480314960e-03
1.5384615384615385e-02
1.7421602787456446e-03
6.9930069930069930e-03
7.1428571428571426e-03
8.3333333333333332e-03
7.8740157480314960e-03
9.3457943925233638e-03
9.8039215686274508e-03
8.4745762711864406e-03
3.3333333333333331e-01
9.0909090909090912e-02
9.8039215686274508e-03
2.0833333333333332e-02
7.8125000000000000e-03
7.8125000000000000e-03
7.2463768115942030e-03
5.5555555555555552e-02
8.0645161290322578e-03
1.4285714285714285e-01
7.8740157480314960e-03
7.1942446043165471e-03
9.8039215686274508e-03
6.6225165562913907e-03
7.6923076923076927e-03
6.6666666666666671e-03
7.6923076923076927e-03
8.1967213114754103e-03
1.3513513513513514e-02
7.1942446043165471e-03
3.3333333333333331e-01
7.7519379844961239e-03
8.6956521739130436e-03
7.4626865671641790e-03
7.8740157480314960e-03
7.1942446043165471e-03
2.0833333333333332e-02
2.0833333333333332e-02
8.6956521739130436e-03
9.3457943925233638e-03
7.8740157480314960e-03
7.6923076923076927e-02
6.6666666666666671e-03
7.2463768115942030e-03
7.8740157480314960e-03
2.1739130434782608e-02
7.1428571428571426e-03
8.6956521739130436e-03
9.7087378640776691e-03
7.4626865671641790e-03
1.2500000000000000e-01
7.0921985815602835e-03
7.8740157480314960e-03
8.6956521739130436e-03
9.7087378640776691e-03
1.0000000000000000e+00
8.2644628099173556e-03
2.0876826722338203e-03
8.0645161290322578e-03
8.0000000000000002e-03
7.8740157480314960e-03
7.2992700729927005e-03
1.0000000000000000e+00
8.4033613445378148e-03
8.0645161290322578e-03
7.6923076923076927e-02
8.3333333333333329e-02
7.2992700729927005e-03
1.1363636363636364e-02
7.0921985815602835e-03
2.5000000000000000e-01
8.1300813008130090e-03
8.9285714285714281e-03
1.3157894736842105e-02
8.6956521739130436e-03
7.4074074074074077e-03
6.6666666666666666e-02
7.8740157480314960e-03
1.0101010101010102e-02
7.2463768115942030e-03
8.4033613445378148e-03
7.2992700729927005e-03
7.0422535211267607e-03
7.0422535211267607e-03
1.3157894736842105e-02
7.0422535211267607e-03
8.4033613445378148e-03
8.0000000000000002e-03
8.6206896551724137e-03
8.4033613445378148e-03
1.0000000000000000e+00
8.0000000000000002e-03
8.1300813008130090e-03
7.0422535211267607e-03
6.6666666666666666e-02
7.0422535211267607e-03
8.2644628099173556e-03
9.3457943925233638e-03
7.0422535211267607e-03
7.0422535211267607e-03
8.1300813008130090e-03
7.2992700729927005e-03
2.0833333333333332e-02
8.6956521739130436e-03
6.6666666666666671e-03
8.1967213114754103e-03
7.8740157480314960e-03
7.8740157480314960e-03
8.4033613445378148e-03
7.2992700729927005e-03
7.2463768115942030e-03
2.0833333333333332e-02
7.9365079365079361e-03
7.1428571428571426e-03
1.3157894736842105e-02
8.2644628099173556e-03
1.3698630136986301e-02
2.5575447570332483e-03
8.0645161290322578e-03
8.1967213114754103e-03
8.0645161290322578e-03
8.1300813008130090e-03
7.0921985815602835e-03
8.4745762711864406e-03
3.3333333333333333e-02
8.0645161290322578e-03
7.0422535211267607e-03
7.0921985815602835e-03
2.4096385542168677e-03
8.0000000000000002e-03
2.4271844660194173e-03
3.0303030303030304e-02
1.3333333333333334e-02
2.3255813953488372e-02
7.6923076923076927e-02
2.3255813953488372e-02
2.5000000000000000e-01
1.6666666666666666e-01
8.2644628099173556e-03
1.0000000000000000e+00
7.1428571428571425e-02
2.3809523809523808e-02
8.0000000000000002e-03
2.0000000000000001e-01
1.0000000000000000e+00
8.3333333333333329e-02
7.6923076923076927e-02
1.1111111111111110e-01
7.6335877862595417e-03
8.6956521739130436e-03
8.0000000000000002e-03
2.3255813953488372e-02
8.4033613445378148e-03
7.1942446043165471e-03
7.4074074074074077e-03
1.6638935108153079e-03
9.4339622641509430e-03
2.3255813953488372e-02
7.1942446043165471e-03
8.4745762711864406e-03
2.3255813953488372e-02
3.8461538461538464e-02
8.0000000000000002e-03
2.6246719160104987e-03
8.3333333333333332e-03
3.3333333333333331e-01
7.0422535211267607e-03
6.8965517241379309e-03
8.1300813008130090e-03
7.4626865671641790e-03
2.3255813953488372e-02
8.7719298245614030e-03
7.0422535211267607e-03
1.8867924528301886e-02
7.4626865671641790e-03
5.0000000000000000e-01
1.0989010989010990e-02
1.6666666666666666e-01
1.4925373134328358e-02
7.5187969924812026e-03
1.0000000000000000e+00
8.1300813008130090e-03
7.5187969924812026e-03
8.1967213114754103e-03
8.4033613445378148e-03
7.5757575757575760e-03
8.1300813008130090e-03
8.1300813008130090e-03
1.2500000000000000e-01
2.9940119760479044e-03
8.1300813008130090e-03
7.0422535211267607e-03
7.3529411764705881e-03
8.3333333333333329e-02
7.5187969924812026e-03
9.2592592592592587e-03
6.8965517241379309e-03
2.0000000000000001e-01
8.1967213114754103e-03
8.2644628099173556e-03
8.1300813008130090e-03
1.3698630136986301e-02
1.2500000000000000e-01
8.0000000000000002e-03
7.0422535211267607e-03
8.1300813008130090e-03
7.8125000000000000e-03
1.3698630136986301e-02
7.4074074074074077e-03
9.2592592592592587e-03
9.0090090090090089e-03
8.6206896551724137e-03
8.4033613445378148e-03
7.5757575757575760e-03
3.3333333333333331e-01
8.7719298245614030e-03
9.9009900990099011e-03
8.6206896551724137e-03
2.7027027027027029e-03
8.1300813008130090e-03
8.4033613445378148e-03
2.7027027027027029e-03
1.2500000000000000e-01
7.8125000000000000e-03
1.1235955056179775e-02
8.1300813008130090e-03
1.6556291390728477e-03
3.3333333333333331e-01
7.9365079365079361e-03
9.9009900990099011e-03
8.7719298245614030e-03
7.4626865671641790e-03
8.4033613445378148e-03
2.0000000000000000e-02
7.5187969924812026e-03
5.0000000000000000e-01
2.1739130434782608e-02
7.8740157480314960e-03
7.1428571428571425e-02
8.1300813008130090e-03
1.2500000000000001e-02
7.4626865671641790e-03
1.6666666666666666e-01
1.0000000000000000e+00
8.4745762711864406e-03
5.0000000000000000e-01
6.6666666666666666e-02
6.6666666666666666e-02
8.3333333333333329e-02
8.4033613445378148e-03
7.6335877862595417e-03
7.6335877862595417e-03
1.2500000000000000e-01
2.3255813953488372e-02
7.9365079365079361e-03
8.6956521739130436e-03
8.1300813008130090e-03
1.0000000000000000e+00
1.0000000000000001e-01
2.0000000000000001e-01
4.0000000000000001e-02
3.3333333333333331e-01
7.1942446043165471e-03
8.3333333333333329e-02
9.0090090090090089e-03
7.8125000000000000e-03
1.4285714285714285e-01
1.0000000000000000e+00
1.3698630136986301e-02
7.8125000000000000e-03
7.8125000000000000e-03
1.3698630136986301e-02
5.0000000000000003e-02
1.4285714285714285e-01
8.1300813008130090e-03
7.8125000000000000e-03
1.4285714285714285e-01
1.0000000000000000e+00
7.8125000000000000e-03
7.8125000000000000e-03
7.5757575757575760e-03
7.5757575757575760e-03
1.4285714285714285e-01
7.8125000000000000e-03
7.9365079365079361e-03
7.5757575757575760e-03
8.1300813008130090e-03
1.4285714285714285e-01
8.1300813008130090e-03
7.5757575757575760e-03
8.3333333333333332e-03
5.6497175141242938e-03
8.1300813008130090e-03
8.3333333333333329e-02
8.1300813008130090e-03
7.7519379844961239e-03
8.1300813008130090e-03
5.0000000000000003e-02
2.5000000000000000e-01
4.5454545454545456e-02
2.0000000000000001e-01
7.5757575757575760e-03
3.3333333333333331e-01
4.7619047619047616e-02
1.4285714285714285e-01
5.0000000000000003e-02
7.7519379844961239e-03
2.2222222222222223e-02
1.1111111111111112e-02
7.7519379844961239e-03
3.3333333333333331e-01
1.0000000000000001e-01
7.7519379844961239e-03
1.2500000000000000e-01
5.0000000000000000e-01
1.1363636363636364e-02
2.5000000000000000e-01
1.0000000000000001e-01
7.7519379844961239e-03
8.8495575221238937e-03
2.5000000000000000e-01
4.7619047619047616e-02
2.9940119760479044e-03
1.2500000000000000e-01
1.4285714285714285e-01
8.1967213114754103e-03
5.2631578947368418e-02
2.9940119760479044e-03
2.9940119760479044e-03
6.6666666666666666e-02
1.4285714285714285e-01
2.9940119760479044e-03
1.2345679012345678e-02
1.0000000000000000e+00
8.4033613445378148e-03
1.0000000000000000e+00
1.0752688172043012e-02
2.5000000000000000e-01
2.0000000000000001e-01
1.0000000000000000e+00
9.0090090090090089e-03
1.0000000000000000e+00
1.0000000000000000e+00
2.5000000000000000e-01
3.3333333333333333e-02
2.5000000000000000e-01
3.3333333333333331e-01
1.4285714285714285e-01
1.0000000000000001e-01
5.2631578947368418e-02
1.4285714285714285e-01
1.4285714285714285e-01
3.3333333333333331e-01
2.0000000000000001e-01
1.2345679012345678e-02
2.9940119760479044e-03
8.4745762711864406e-03
1.0000000000000000e+00
1.4084507042253521e-02
8.7719298245614030e-03
2.7027027027027029e-03
2.0000000000000001e-01
1.4285714285714285e-01
8.0000000000000002e-03
1.1111111111111110e-01
5.0000000000000000e-01
2.9940119760479044e-03
9.0909090909090912e-02
3.3333333333333333e-02
1.0000000000000000e+00
7.0422535211267607e-03
1.1111111111111110e-01
1.0989010989010990e-02
7.0422535211267607e-03
1.6666666666666666e-01
3.3333333333333333e-02
7.0921985815602835e-03
7.0422535211267607e-03
9.0909090909090912e-02
1.0000000000000001e-01
1.4285714285714285e-01
5.0000000000000000e-01
5.0000000000000000e-01
7.0422535211267607e-03
7.0422535211267607e-03
1.0000000000000000e+00
1.2195121951219513e-02
7.0422535211267607e-03
6.2500000000000000e-02
5.5555555555555552e-02
1.0000000000000000e+00
1.1111111111111110e-01
1.2500000000000000e-01
1.8518518518518517e-02
3.3333333333333331e-01
1.2048192771084338e-02
7.1428571428571426e-03
1.2500000000000000e-01
1.2500000000000000e-01
7.0422535211267607e-03
0.0
4.0000000000000001e-02
1.1111111111111110e-01
1.0000000000000000e+00
8.6206896551724137e-03
8.9285714285714281e-03
7.0422535211267607e-03
3.3333333333333331e-01
2.0000000000000001e-01
1.2500000000000000e-01
1.0000000000000000e+00
1.0000000000000000e+00
1.2048192771084338e-02
1.0000000000000000e+00
1.6129032258064516e-02
0.0
5.0000000000000000e-01
1.7543859649122806e-02
7.4074074074074077e-03
0.0
5.0000000000000000e-01
1.0000000000000000e+00
2.5000000000000000e-01
4.0000000000000001e-02
5.0000000000000000e-01
1.4285714285714285e-01
2.5000000000000000e-01
1.0000000000000000e+00
1.1494252873563218e-02
3.3333333333333331e-01
1.0000000000000001e-01
1.0000000000000000e+00
4.7619047619047616e-02
1.0000000000000000e+00
6.6666666666666666e-02
2.5000000000000000e-01
3.3333333333333331e-01
1.0000000000000000e+00
5.0000000000000000e-01
5.0000000000000000e-01
1.0000000000000000e+00
1.0000000000000000e+00
2.5000000000000000e-01
5.0000000000000003e-02
7.0422535211267607e-03
5.0000000000000000e-01
5.0000000000000003e-02
3.3333333333333331e-01
1.0000000000000000e+00
3.3333333333333331e-01
1.0000000000000000e+00
1.0000000000000000e+00
9.0909090909090912e-02
3.3333333333333331e-01
0.0
3.3333333333333331e-01
1.0000000000000000e+00
2.5000000000000000e-01
1.6666666666666666e-01
1.1111111111111110e-01
3.3333333333333331e-01
1.6666666666666666e-01
1.2500000000000000e-01
1.0989010989010990e-02
1.6666666666666666e-01
5.0000000000000003e-02
5.0000000000000000e-01
6.2500000000000000e-02
1.4285714285714285e-01
1.2500000000000000e-01
1.0000000000000000e+00
9.0909090909090912e-02
7.1428571428571425e-02
6.6666666666666666e-02
7.1428571428571425e-02
4.3478260869565216e-02
3.3333333333333331e-01
6.6666666666666666e-02
2.0000000000000001e-01
5.0000000000000000e-01
5.0000000000000000e-01
1.6666666666666666e-01
1.0000000000000000e+00
1.0000000000000000e+00
5.0000000000000000e-01
1.0000000000000000e+00
5.0000000000000000e-01
1.0000000000000000e+00
3.3333333333333331e-01
1.0000000000000001e-01
1.0000000000000000e+00
1.4285714285714285e-01
5.0000000000000000e-01
4.1841004184100415e-03
5.0000000000000000e-01
9.0909090909090912e-02
7.1428571428571425e-02
7.1428571428571425e-02
1.0000000000000000e+00
2.0000000000000001e-01
4.5454545454545456e-02
5.0000000000000000e-01
1.2500000000000000e-01
1.0000000000000000e+00
2.0000000000000001e-01
2.5000000000000000e-01
1.0000000000000000e+00
5.0000000000000000e-01
2.0000000000000001e-01
5.0000000000000000e-01
5.0000000000000000e-01
1.0000000000000000e+00
5.0000000000000000e-01
2.5000000000000000e-01
3.3333333333333331e-01
1.0000000000000000e+00
2.0000000000000001e-01
4.5454545454545456e-02
1.0000000000000000e+00
5.0000000000000000e-01
1.0000000000000000e+00
1.0000000000000000e+00
1.0000000000000000e+00
2.5000000000000000e-01
1.0000000000000000e+00
1.6666666666666666e-01
1.0000000000000000e+00
1.0000000000000000e+00
1.0000000000000000e+00
1.0000000000000000e+00
2.0000000000000001e-01
3.3333333333333331e-01
2.0000000000000001e-01
2.0000000000000001e-01
5.0000000000000000e-01
2.5000000000000000e-01
1.0000000000000000e+00
1.0000000000000000e+00
3.3333333333333331e-01
2.0000000000000001e-01
9.0909090909090912e-02
2.0000000000000001e-01
5.0000000000000000e-01
1.0000000000000000e+00
2.0000000000000001e-01
2.5000000000000000e-01
4.5454545454545456e-02
2.5000000000000000e-01
2.5000000000000000e-01
2.5000000000000000e-01
1.0000000000000000e+00
1.0000000000000000e+00
1.0000000000000000e+00
3.3333333333333331e-01
1.0000000000000000e+00
1.0000000000000000e+00
4.5454545454545456e-02
1.0000000000000000e+00
5.0000000000000000e-01
1.0000000000000000e+00
5.0000000000000000e-01
1.0000000000000000e+00
1.0000000000000000e+00
2.0000000000000001e-01
2.5000000000000000e-01
5.0000000000000000e-01
9.0909090909090912e-02
2.5000000000000000e-01
1.0000000000000000e+00
1.0000000000000000e+00
8.3333333333333329e-02
8.3333333333333329e-02
5.0000000000000000e-01
9.0909090909090912e-02
1.0000000000000000e+00
1.0000000000000000e+00
5.0000000000000000e-01
2.0000000000000001e-01
5.0000000000000000e-01
5.0000000000000000e-01
1.0000000000000000e+00
1.0000000000000000e+00
8.3333333333333329e-02
2.0000000000000001e-01
1.0000000000000000e+00
1.0000000000000000e+00
1.0000000000000000e+00
1.0000000000000000e+00
3.3333333333333331e-01
1.0000000000000000e+00
1.0000000000000000e+00
5.0000000000000000e-01
2.5000000000000000e-01
3.3333333333333331e-01
3.3333333333333331e-01
3.3333333333333331e-01
1.0000000000000000e+00
1.0000000000000000e+00
5.0000000000000000e-01
5.0000000000000000e-01
1.0000000000000000e+00
3.3333333333333331e-01
3.3333333333333331e-01
5.0000000000000000e-01
5.0000000000000000e-01
3.3333333333333331e-01
