2.0000000000000001e-01
2.7548209366391185e-03
1.0752688172043011e-03
7.5357950263752827e-04
7.9617834394904463e-04
1.0537407797681770e-03
1.0537407797681770e-03
1.1123470522803114e-03
1.0582010582010583e-03
7.5642965204236008e-04
7.9428117553613975e-04
7.9617834394904463e-04
1.0537407797681770e-03
2.7548209366391185e-03
1.0582010582010583e-03
1.0000000000000000e-03
7.9617834394904463e-04
7.9617834394904463e-04
1.0537407797681770e-03
1.1123470522803114e-03
1.0582010582010583e-03
7.5642965204236008e-04
7.5642965204236008e-04
7.9617834394904463e-04
1.0060362173038230e-03
5.8823529411764705e-02
1.1111111111111110e-01
2.5510204081632651e-03
2.4154589371980675e-03
2.4154589371980675e-03
1.4903129657228018e-03
5.8823529411764705e-02
1.1111111111111110e-01
2.5510204081632651e-03
3.5714285714285712e-02
2.5510204081632651e-03
1.4903129657228018e-03
6.6666666666666666e-02
1.6666666666666666e-01
4.7619047619047616e-02
1.3888888888888888e-02
2.0202020202020202e-03
2.2421524663677130e-03
6.6666666666666666e-02
1.6666666666666666e-01
5.2631578947368418e-02
1.3888888888888888e-02
2.0202020202020202e-03
2.2421524663677130e-03
1.1123470522803114e-03
1.0362694300518134e-03
7.8369905956112850e-04
7.9617834394904463e-04
1.0537407797681770e-03
1.1123470522803114e-03
1.0752688172043011e-03
7.5357950263752827e-04
7.9617834394904463e-04
1.0537407797681770e-03
2.7548209366391185e-03
1.0752688172043011e-03
7.5357950263752827e-04
7.9617834394904463e-04
1.0537407797681770e-03
1.1123470522803114e-03
1.0362694300518134e-03
7.8864353312302837e-04
8.0450522928399030e-04
1.0537407797681770e-03
1.1123470522803114e-03
1.0362694300518134e-03
7.5357950263752827e-04
7.9617834394904463e-04
1.0537407797681770e-03
2.7548209366391185e-03
1.0752688172043011e-03
7.5357950263752827e-04
7.9617834394904463e-04
1.0537407797681770e-03
2.7548209366391185e-03
1.0752688172043011e-03
7.5357950263752827e-04
7.9617834394904463e-04
1.0537407797681770e-03
2.7548209366391185e-03
1.0752688172043011e-03
7.5357950263752827e-04
7.9617834394904463e-04
1.0537407797681770e-03
2.7548209366391185e-03
1.0752688172043011e-03
7.5357950263752827e-04
7.9617834394904463e-04
1.0537407797681770e-03
2.7548209366391185e-03
1.0752688172043011e-03
7.5357950263752827e-04
7.9617834394904463e-04
1.0537407797681770e-03
1.0615711252653928e-03
1.0582010582010583e-03
7.5357950263752827e-04
7.9617834394904463e-04
1.0537407797681770e-03
1.1123470522803114e-03
1.0362694300518134e-03
7.5357950263752827e-04
7.9617834394904463e-04
1.0537407797681770e-03
1.1123470522803114e-03
1.0362694300518134e-03
7.5357950263752827e-04
7.9617834394904463e-04
1.0537407797681770e-03
2.7548209366391185e-03
1.0752688172043011e-03
7.5357950263752827e-04
7.9617834394904463e-04
1.0537407797681770e-03
2.7548209366391185e-03
1.0752688172043011e-03
7.5357950263752827e-04
7.9617834394904463e-04
1.0537407797681770e-03
2.7548209366391185e-03
1.0752688172043011e-03
7.5357950263752827e-04
7.9617834394904463e-04
1.0537407797681770e-03
2.7548209366391185e-03
1.0752688172043011e-03
7.5357950263752827e-04
7.9617834394904463e-04
1.0537407797681770e-03
2.7548209366391185e-03
1.0752688172043011e-03
7.5357950263752827e-04
7.9617834394904463e-04
1.0537407797681770e-03
2.7548209366391185e-03
1.0752688172043011e-03
7.5357950263752827e-04
7.9617834394904463e-04
1.0537407797681770e-03
2.7548209366391185e-03
1.0752688172043011e-03
7.5357950263752827e-04
7.9617834394904463e-04
1.0537407797681770e-03
2.7548209366391185e-03
1.0752688172043011e-03
7.5357950263752827e-04
7.9617834394904463e-04
1.0537407797681770e-03
1.1123470522803114e-03
1.0582010582010583e-03
7.5642965204236008e-04
7.9617834394904463e-04
1.0537407797681770e-03
2.7548209366391185e-03
1.0752688172043011e-03
7.5357950263752827e-04
7.9617834394904463e-04
1.0537407797681770e-03
1.1123470522803114e-03
1.0362694300518134e-03
7.5987841945288754e-04
7.9617834394904463e-04
1.0537407797681770e-03
2.7548209366391185e-03
1.0582010582010583e-03
7.8926598263614838e-04
7.9617834394904463e-04
1.0537407797681770e-03
2.7548209366391185e-03
1.0752688172043011e-03
7.5357950263752827e-04
7.9617834394904463e-04
1.0822510822510823e-03
1.1123470522803114e-03
1.0857763300760044e-03
7.8926598263614838e-04
7.9617834394904463e-04
1.0537407797681770e-03
2.7548209366391185e-03
1.0752688172043011e-03
7.5700227100681302e-04
7.9617834394904463e-04
1.0537407797681770e-03
2.7855153203342618e-03
7.8308535630383712e-04
8.0450522928399030e-04
7.9617834394904463e-04
1.0537407797681770e-03
1.1123470522803114e-03
1.0857763300760044e-03
7.8926598263614838e-04
7.9617834394904463e-04
1.0537407797681770e-03
2.7548209366391185e-03
1.0362694300518134e-03
7.5357950263752827e-04
7.9617834394904463e-04
1.0537407797681770e-03
2.7548209366391185e-03
1.0362694300518134e-03
7.5357950263752827e-04
7.9617834394904463e-04
1.0537407797681770e-03
2.7548209366391185e-03
1.0362694300518134e-03
7.8988941548183253e-04
7.8988941548183253e-04
1.0537407797681770e-03
1.1123470522803114e-03
1.0582010582010583e-03
7.5987841945288754e-04
7.9617834394904463e-04
1.0537407797681770e-03
1.1123470522803114e-03
1.0582010582010583e-03
7.5642965204236008e-04
7.9617834394904463e-04
9.8814229249011851e-04
1.1123470522803114e-03
1.0845986984815619e-03
7.5357950263752827e-04
7.9617834394904463e-04
1.0537407797681770e-03
2.7548209366391185e-03
1.0362694300518134e-03
7.9239302694136295e-04
7.6982294072363352e-04
1.0537407797681770e-03
2.7548209366391185e-03
1.0582010582010583e-03
7.5987841945288754e-04
7.9617834394904463e-04
1.0537407797681770e-03
2.7548209366391185e-03
1.0582010582010583e-03
7.5987841945288754e-04
7.9617834394904463e-04
1.0537407797681770e-03
2.7548209366391185e-03
1.0582010582010583e-03
7.5987841945288754e-04
7.9617834394904463e-04
1.0537407797681770e-03
2.7548209366391185e-03
1.0582010582010583e-03
7.5987841945288754e-04
7.9617834394904463e-04
1.0537407797681770e-03
1.1123470522803114e-03
1.0362694300518134e-03
7.5987841945288754e-04
7.8988941548183253e-04
1.0537407797681770e-03
2.7548209366391185e-03
1.0582010582010583e-03
7.5987841945288754e-04
7.9617834394904463e-04
1.0537407797681770e-03
2.7548209366391185e-03
1.0582010582010583e-03
7.5987841945288754e-04
7.9617834394904463e-04
1.0537407797681770e-03
2.7548209366391185e-03
1.0582010582010583e-03
7.5987841945288754e-04
7.9617834394904463e-04
1.0537407797681770e-03
2.7548209366391185e-03
1.0582010582010583e-03
7.5987841945288754e-04
7.9617834394904463e-04
1.0537407797681770e-03
2.7548209366391185e-03
1.0582010582010583e-03
7.5987841945288754e-04
7.9617834394904463e-04
1.0537407797681770e-03
2.7548209366391185e-03
1.0582010582010583e-03
7.6982294072363352e-04
9.7847358121330719e-04
1.0537407797681770e-03
2.7548209366391185e-03
1.0582010582010583e-03
7.5357950263752827e-04
9.7087378640776695e-04
1.0537407797681770e-03
2.7548209366391185e-03
1.0752688172043011e-03
7.5357950263752827e-04
7.9617834394904463e-04
1.2936610608020700e-03
2.7548209366391185e-03
1.0362694300518134e-03
7.5987841945288754e-04
7.8988941548183253e-04
1.0537407797681770e-03
2.7548209366391185e-03
1.0362694300518134e-03
7.5987841945288754e-04
7.8988941548183253e-04
1.0537407797681770e-03
2.7548209366391185e-03
1.0362694300518134e-03
7.5987841945288754e-04
7.8988941548183253e-04
1.0537407797681770e-03
2.7548209366391185e-03
1.0582010582010583e-03
7.5987841945288754e-04
7.9617834394904463e-04
1.0537407797681770e-03
2.7548209366391185e-03
1.0582010582010583e-03
7.5987841945288754e-04
7.9617834394904463e-04
1.0537407797681770e-03
2.7548209366391185e-03
1.0362694300518134e-03
7.5987841945288754e-04
7.8988941548183253e-04
1.0537407797681770e-03
1.1123470522803114e-03
1.0582010582010583e-03
7.5642965204236008e-04
7.8988941548183253e-04
9.8814229249011851e-04
2.7855153203342618e-03
1.0582010582010583e-03
7.5357950263752827e-04
7.8988941548183253e-04
1.0537407797681770e-03
2.7548209366391185e-03
1.0582010582010583e-03
1.0000000000000000e-03
7.9617834394904463e-04
1.0537407797681770e-03
1.1123470522803114e-03
1.0582010582010583e-03
7.5357950263752827e-04
9.7087378640776695e-04
1.0537407797681770e-03
2.7548209366391185e-03
1.0582010582010583e-03
7.5987841945288754e-04
7.9617834394904463e-04
1.0537407797681770e-03
2.7548209366391185e-03
1.0582010582010583e-03
7.5987841945288754e-04
7.9617834394904463e-04
1.0537407797681770e-03
2.7548209366391185e-03
1.0582010582010583e-03
7.5987841945288754e-04
7.9617834394904463e-04
1.0537407797681770e-03
2.7548209366391185e-03
1.0582010582010583e-03
7.5987841945288754e-04
7.9617834394904463e-04
1.0537407797681770e-03
2.7548209366391185e-03
1.0582010582010583e-03
7.5987841945288754e-04
7.9617834394904463e-04
1.0537407797681770e-03
2.7548209366391185e-03
1.0582010582010583e-03
7.5987841945288754e-04
7.9617834394904463e-04
1.0537407797681770e-03
2.7548209366391185e-03
1.0582010582010583e-03
7.5987841945288754e-04
7.9617834394904463e-04
1.0537407797681770e-03
2.7548209366391185e-03
1.0582010582010583e-03
7.5987841945288754e-04
7.9617834394904463e-04
1.0537407797681770e-03
2.7548209366391185e-03
1.0582010582010583e-03
7.5987841945288754e-04
7.9617834394904463e-04
1.0537407797681770e-03
2.7548209366391185e-03
1.0582010582010583e-03
7.5987841945288754e-04
7.9617834394904463e-04
1.0537407797681770e-03
2.7548209366391185e-03
1.0582010582010583e-03
7.5987841945288754e-04
7.9617834394904463e-04
1.0537407797681770e-03
2.7548209366391185e-03
1.0582010582010583e-03
7.5987841945288754e-04
7.9617834394904463e-04
1.0537407797681770e-03
2.7548209366391185e-03
1.0582010582010583e-03
7.5987841945288754e-04
7.9617834394904463e-04
1.0537407797681770e-03
2.7548209366391185e-03
1.0582010582010583e-03
7.5987841945288754e-04
7.9617834394904463e-04
1.0537407797681770e-03
2.7548209366391185e-03
1.0582010582010583e-03
7.5987841945288754e-04
7.9617834394904463e-04
1.0537407797681770e-03
2.7548209366391185e-03
1.0582010582010583e-03
7.5987841945288754e-04
7.9617834394904463e-04
1.0537407797681770e-03
2.7548209366391185e-03
1.0582010582010583e-03
7.5987841945288754e-04
7.9617834394904463e-04
1.0537407797681770e-03
2.7855153203342618e-03
1.0857763300760044e-03
7.8926598263614838e-04
7.9617834394904463e-04
1.0537407797681770e-03
2.7548209366391185e-03
1.0582010582010583e-03
7.5987841945288754e-04
7.9617834394904463e-04
1.0537407797681770e-03
2.7548209366391185e-03
1.0582010582010583e-03
7.5987841945288754e-04
7.9617834394904463e-04
1.0537407797681770e-03
2.7548209366391185e-03
1.0582010582010583e-03
7.5987841945288754e-04
7.9617834394904463e-04
1.0537407797681770e-03
2.7548209366391185e-03
1.0582010582010583e-03
7.5987841945288754e-04
7.9617834394904463e-04
1.0537407797681770e-03
2.7548209366391185e-03
1.0582010582010583e-03
7.5987841945288754e-04
7.9617834394904463e-04
1.0537407797681770e-03
2.7548209366391185e-03
1.0582010582010583e-03
7.5987841945288754e-04
7.9617834394904463e-04
1.0537407797681770e-03
2.7548209366391185e-03
1.0582010582010583e-03
7.5987841945288754e-04
7.9617834394904463e-04
1.0537407797681770e-03
2.7548209366391185e-03
1.0582010582010583e-03
7.5987841945288754e-04
7.9617834394904463e-04
1.0537407797681770e-03
2.7548209366391185e-03
1.0582010582010583e-03
7.5987841945288754e-04
7.9617834394904463e-04
1.0537407797681770e-03
2.7548209366391185e-03
1.0582010582010583e-03
7.5987841945288754e-04
7.9617834394904463e-04
1.0537407797681770e-03
2.7548209366391185e-03
1.0582010582010583e-03
7.5987841945288754e-04
7.9617834394904463e-04
1.0537407797681770e-03
2.7548209366391185e-03
1.0582010582010583e-03
7.5987841945288754e-04
7.9617834394904463e-04
1.0537407797681770e-03
2.7548209366391185e-03
1.0582010582010583e-03
7.5987841945288754e-04
7.9617834394904463e-04
1.0537407797681770e-03
2.7548209366391185e-03
1.0582010582010583e-03
7.5987841945288754e-04
7.9617834394904463e-04
1.0537407797681770e-03
2.7548209366391185e-03
1.0582010582010583e-03
7.5987841945288754e-04
7.9617834394904463e-04
1.0537407797681770e-03
2.7548209366391185e-03
1.0582010582010583e-03
7.5987841945288754e-04
7.9617834394904463e-04
1.0537407797681770e-03
2.7548209366391185e-03
1.0582010582010583e-03
7.5987841945288754e-04
7.9617834394904463e-04
1.0537407797681770e-03
2.7548209366391185e-03
1.0582010582010583e-03
7.5987841945288754e-04
7.9617834394904463e-04
1.0537407797681770e-03
2.7548209366391185e-03
1.0582010582010583e-03
7.5987841945288754e-04
7.9617834394904463e-04
1.0537407797681770e-03
2.7548209366391185e-03
1.0582010582010583e-03
7.5987841945288754e-04
7.9617834394904463e-04
1.0537407797681770e-03
2.7548209366391185e-03
1.0582010582010583e-03
7.5987841945288754e-04
7.9617834394904463e-04
1.0537407797681770e-03
2.7548209366391185e-03
1.0582010582010583e-03
7.5987841945288754e-04
7.9617834394904463e-04
1.0537407797681770e-03
2.7548209366391185e-03
1.0582010582010583e-03
7.5987841945288754e-04
7.9617834394904463e-04
1.0537407797681770e-03
2.7548209366391185e-03
1.0582010582010583e-03
7.5987841945288754e-04
9.7847358121330719e-04
1.0537407797681770e-03
2.7548209366391185e-03
1.0582010582010583e-03
7.5987841945288754e-04
9.7847358121330719e-04
1.0537407797681770e-03
1.1947431302270011e-03
1.0582010582010583e-03
7.9239302694136295e-04
7.9428117553613975e-04
1.0537407797681770e-03
2.7932960893854749e-03
1.0582010582010583e-03
7.5987841945288754e-04
7.9617834394904463e-04
1.0537407797681770e-03
2.7548209366391185e-03
1.0582010582010583e-03
1.0000000000000000e-03
7.9617834394904463e-04
1.0537407797681770e-03
2.7548209366391185e-03
1.0582010582010583e-03
1.0000000000000000e-03
7.9617834394904463e-04
1.0537407797681770e-03
1.1123470522803114e-03
1.0582010582010583e-03
1.0000000000000000e-03
7.9617834394904463e-04
1.0537407797681770e-03
1.1123470522803114e-03
1.4409221902017290e-03
7.5987841945288754e-04
7.9617834394904463e-04
1.0537407797681770e-03
2.7855153203342618e-03
1.0582010582010583e-03
7.5987841945288754e-04
7.9617834394904463e-04
1.0537407797681770e-03
1.1123470522803114e-03
1.4450867052023121e-03
7.5987841945288754e-04
7.9617834394904463e-04
1.0537407797681770e-03
1.1123470522803114e-03
1.4409221902017290e-03
7.5987841945288754e-04
7.9617834394904463e-04
1.0537407797681770e-03
2.7548209366391185e-03
1.0582010582010583e-03
1.0000000000000000e-03
7.9617834394904463e-04
1.0537407797681770e-03
2.7855153203342618e-03
1.0582010582010583e-03
7.5987841945288754e-04
7.9617834394904463e-04
1.0537407797681770e-03
2.7548209366391185e-03
1.0582010582010583e-03
7.5987841945288754e-04
1.0537407797681770e-03
9.8522167487684722e-04
2.7855153203342618e-03
1.0582010582010583e-03
7.5987841945288754e-04
7.9617834394904463e-04
1.0537407797681770e-03
2.7548209366391185e-03
1.0582010582010583e-03
1.0000000000000000e-03
7.9617834394904463e-04
1.0537407797681770e-03
2.7548209366391185e-03
1.0582010582010583e-03
1.0000000000000000e-03
7.9617834394904463e-04
1.0537407797681770e-03
2.7548209366391185e-03
1.0582010582010583e-03
1.0000000000000000e-03
7.9617834394904463e-04
1.0537407797681770e-03
2.7548209366391185e-03
1.0582010582010583e-03
1.0000000000000000e-03
7.9617834394904463e-04
1.0537407797681770e-03
2.7548209366391185e-03
1.0582010582010583e-03
1.0000000000000000e-03
7.9617834394904463e-04
1.0537407797681770e-03
2.7548209366391185e-03
1.0582010582010583e-03
1.0000000000000000e-03
7.9617834394904463e-04
1.0537407797681770e-03
2.7548209366391185e-03
1.0582010582010583e-03
1.0000000000000000e-03
7.9617834394904463e-04
1.0537407797681770e-03
2.7548209366391185e-03
1.0582010582010583e-03
1.0000000000000000e-03
7.9617834394904463e-04
1.0537407797681770e-03
2.7855153203342618e-03
1.0582010582010583e-03
7.5987841945288754e-04
7.9617834394904463e-04
1.0537407797681770e-03
2.7548209366391185e-03
1.0582010582010583e-03
1.0000000000000000e-03
7.9617834394904463e-04
1.0537407797681770e-03
2.7548209366391185e-03
1.0582010582010583e-03
1.0000000000000000e-03
7.9617834394904463e-04
1.0537407797681770e-03
2.7548209366391185e-03
1.0582010582010583e-03
1.0000000000000000e-03
7.9617834394904463e-04
1.0537407797681770e-03
2.7548209366391185e-03
1.0582010582010583e-03
1.0000000000000000e-03
7.9617834394904463e-04
1.0537407797681770e-03
2.7548209366391185e-03
1.0582010582010583e-03
1.0000000000000000e-03
7.9617834394904463e-04
1.0537407797681770e-03
2.7548209366391185e-03
1.0582010582010583e-03
1.0000000000000000e-03
7.9617834394904463e-04
1.0537407797681770e-03
2.7548209366391185e-03
1.0582010582010583e-03
1.0000000000000000e-03
7.9617834394904463e-04
1.0537407797681770e-03
2.7548209366391185e-03
1.0582010582010583e-03
1.0000000000000000e-03
7.9617834394904463e-04
1.0537407797681770e-03
2.7548209366391185e-03
1.0582010582010583e-03
1.0000000000000000e-03
7.9617834394904463e-04
1.0537407797681770e-03
2.7548209366391185e-03
1.0582010582010583e-03
1.0000000000000000e-03
7.9617834394904463e-04
1.0537407797681770e-03
2.7777777777777779e-03
1.0582010582010583e-03
7.5987841945288754e-04
7.9617834394904463e-04
1.0537407797681770e-03
2.7548209366391185e-03
1.0582010582010583e-03
1.0000000000000000e-03
7.9617834394904463e-04
1.0537407797681770e-03
2.7548209366391185e-03
1.0582010582010583e-03
1.0000000000000000e-03
7.9617834394904463e-04
1.0537407797681770e-03
2.7548209366391185e-03
1.0582010582010583e-03
1.0000000000000000e-03
7.9617834394904463e-04
1.0537407797681770e-03
2.7548209366391185e-03
1.0582010582010583e-03
1.0000000000000000e-03
7.9617834394904463e-04
1.0537407797681770e-03
2.7548209366391185e-03
1.0582010582010583e-03
1.0000000000000000e-03
7.9617834394904463e-04
1.0537407797681770e-03
2.7548209366391185e-03
1.0582010582010583e-03
1.0000000000000000e-03
7.9617834394904463e-04
1.0537407797681770e-03
2.7548209366391185e-03
1.0582010582010583e-03
1.0000000000000000e-03
7.9617834394904463e-04
1.0537407797681770e-03
2.7548209366391185e-03
1.0582010582010583e-03
1.0000000000000000e-03
7.9617834394904463e-04
1.0537407797681770e-03
2.7548209366391185e-03
1.0582010582010583e-03
1.0000000000000000e-03
7.9617834394904463e-04
1.0537407797681770e-03
2.7548209366391185e-03
1.0582010582010583e-03
1.0000000000000000e-03
7.9617834394904463e-04
1.0537407797681770e-03
2.7548209366391185e-03
1.0582010582010583e-03
1.0000000000000000e-03
7.9617834394904463e-04
1.0537407797681770e-03
2.7548209366391185e-03
1.0582010582010583e-03
1.0526315789473684e-03
7.9617834394904463e-04
1.0537407797681770e-03
2.7548209366391185e-03
1.0582010582010583e-03
1.0000000000000000e-03
7.9617834394904463e-04
1.0537407797681770e-03
2.7548209366391185e-03
1.0582010582010583e-03
1.0000000000000000e-03
8.0450522928399030e-04
1.0537407797681770e-03
2.7855153203342618e-03
1.0582010582010583e-03
7.5987841945288754e-04
7.9617834394904463e-04
1.0537407797681770e-03
2.7548209366391185e-03
1.0582010582010583e-03
1.0515247108307045e-03
7.9617834394904463e-04
1.0537407797681770e-03
2.7548209366391185e-03
1.0582010582010583e-03
7.5987841945288754e-04
7.7639751552795026e-04
1.0537407797681770e-03
2.7548209366391185e-03
1.0582010582010583e-03
1.0526315789473684e-03
7.9617834394904463e-04
1.0537407797681770e-03
2.7548209366391185e-03
1.0582010582010583e-03
1.0526315789473684e-03
7.9617834394904463e-04
1.0537407797681770e-03
2.7548209366391185e-03
1.0582010582010583e-03
7.5987841945288754e-04
7.7639751552795026e-04
1.0537407797681770e-03
2.7548209366391185e-03
1.0582010582010583e-03
7.5357950263752827e-04
7.5357950263752827e-04
1.0060362173038230e-03
1.1123470522803114e-03
1.0857763300760044e-03
7.8926598263614838e-04
7.9617834394904463e-04
1.0537407797681770e-03
2.7548209366391185e-03
1.0582010582010583e-03
1.0834236186348862e-03
7.9617834394904463e-04
1.0537407797681770e-03
2.7548209366391185e-03
1.0582010582010583e-03
7.5357950263752827e-04
7.8988941548183253e-04
1.2953367875647669e-03
2.7548209366391185e-03
1.0582010582010583e-03
1.0000000000000000e-03
9.9403578528827028e-04
1.2886597938144330e-03
9.0909090909090912e-02
1.0582010582010583e-03
7.5987841945288754e-04
7.9617834394904463e-04
1.0537407797681770e-03
8.3333333333333329e-02
1.0582010582010583e-03
7.5987841945288754e-04
7.9617834394904463e-04
1.0537407797681770e-03
8.3333333333333329e-02
8.3333333333333329e-02
8.3333333333333329e-02
8.3333333333333329e-02
8.3333333333333329e-02
8.3333333333333329e-02
2.7548209366391185e-03
1.6025641025641025e-03
7.6923076923076927e-02
7.9617834394904463e-04
1.0537407797681770e-03
1.3888888888888888e-02
1.6666666666666666e-01
2.3474178403755869e-03
2.4271844660194173e-03
2.4271844660194173e-03
1.3888888888888888e-02
1.6666666666666666e-01
2.3474178403755869e-03
2.4271844660194173e-03
1.4814814814814814e-03
5.8823529411764705e-02
1.1111111111111110e-01
2.5510204081632651e-03
2.4154589371980675e-03
1.4903129657228018e-03
1.0245901639344263e-03
2.0161290322580645e-03
1.9723865877712033e-03
1.9723865877712033e-03
2.5773195876288659e-03
2.0000000000000001e-01
1.0582010582010583e-03
7.5987841945288754e-04
7.9617834394904463e-04
1.0537407797681770e-03
2.7548209366391185e-03
1.0582010582010583e-03
1.0000000000000001e-01
9.3896713615023472e-04
1.0537407797681770e-03
1.1123470522803114e-03
1.0582010582010583e-03
7.5987841945288754e-04
7.6923076923076927e-02
1.2738853503184713e-03
1.1123470522803114e-03
1.0582010582010583e-03
1.0000000000000001e-01
9.3896713615023472e-04
1.0537407797681770e-03
1.1123470522803114e-03
1.0582010582010583e-03
1.0000000000000001e-01
9.3896713615023472e-04
1.0537407797681770e-03
2.7548209366391185e-03
1.0582010582010583e-03
1.0000000000000001e-01
9.3896713615023472e-04
1.0537407797681770e-03
7.5987841945288754e-04
7.8926598263614838e-04
7.9617834394904463e-04
1.0537407797681770e-03
2.7548209366391185e-03
1.0582010582010583e-03
1.0000000000000000e-03
7.6923076923076927e-02
2.6041666666666665e-03
1.1135857461024498e-03
7.5987841945288754e-04
7.9617834394904463e-04
1.0537407797681770e-03
1.0256410256410256e-03
7.5357950263752827e-04
7.9617834394904463e-04
1.0537407797681770e-03
1.1123470522803114e-03
1.0582010582010583e-03
7.9617834394904463e-04
1.0537407797681770e-03
2.7548209366391185e-03
8.1766148814390845e-04
7.9617834394904463e-04
1.0537407797681770e-03
1.1135857461024498e-03
7.5357950263752827e-04
7.9617834394904463e-04
1.0537407797681770e-03
1.1123470522803114e-03
1.0582010582010583e-03
7.8864353312302837e-04
1.0537407797681770e-03
1.0482180293501049e-03
7.8926598263614838e-04
7.9617834394904463e-04
1.0537407797681770e-03
2.7548209366391185e-03
8.1766148814390845e-04
7.9617834394904463e-04
1.0537407797681770e-03
1.1135857461024498e-03
7.5987841945288754e-04
7.9617834394904463e-04
1.0537407797681770e-03
2.7548209366391185e-03
8.1766148814390845e-04
7.9617834394904463e-04
1.0537407797681770e-03
2.7548209366391185e-03
8.1766148814390845e-04
7.9617834394904463e-04
1.0537407797681770e-03
2.7548209366391185e-03
8.1766148814390845e-04
7.9617834394904463e-04
1.0537407797681770e-03
1.1123470522803114e-03
1.0362694300518134e-03
7.9617834394904463e-04
1.0537407797681770e-03
2.7548209366391185e-03
8.1766148814390845e-04
7.9617834394904463e-04
1.0537407797681770e-03
1.1123470522803114e-03
1.0362694300518134e-03
7.5357950263752827e-04
7.9617834394904463e-04
1.1135857461024498e-03
7.5987841945288754e-04
7.9617834394904463e-04
1.0537407797681770e-03
1.1135857461024498e-03
7.5987841945288754e-04
7.9617834394904463e-04
1.0537407797681770e-03
1.1135857461024498e-03
7.5987841945288754e-04
7.9617834394904463e-04
1.0537407797681770e-03
1.1135857461024498e-03
7.5987841945288754e-04
7.9617834394904463e-04
1.0537407797681770e-03
1.1135857461024498e-03
7.5987841945288754e-04
7.9617834394904463e-04
1.0537407797681770e-03
1.1135857461024498e-03
7.5987841945288754e-04
7.9617834394904463e-04
1.0537407797681770e-03
1.1135857461024498e-03
7.5987841945288754e-04
7.9617834394904463e-04
1.0537407797681770e-03
2.7548209366391185e-03
8.1766148814390845e-04
9.7847358121330719e-04
1.0537407797681770e-03
1.1135857461024498e-03
7.5987841945288754e-04
7.9617834394904463e-04
1.0537407797681770e-03
2.7548209366391185e-03
8.1766148814390845e-04
7.9617834394904463e-04
1.0537407797681770e-03
1.1135857461024498e-03
7.5987841945288754e-04
7.9617834394904463e-04
1.0537407797681770e-03
1.1135857461024498e-03
7.5987841945288754e-04
7.9617834394904463e-04
1.0537407797681770e-03
1.1135857461024498e-03
7.5987841945288754e-04
7.9617834394904463e-04
1.0537407797681770e-03
1.1135857461024498e-03
7.5987841945288754e-04
7.9617834394904463e-04
1.0537407797681770e-03
1.1135857461024498e-03
7.5987841945288754e-04
7.9617834394904463e-04
1.0537407797681770e-03
1.1135857461024498e-03
7.5987841945288754e-04
7.9617834394904463e-04
1.0537407797681770e-03
1.1135857461024498e-03
7.5987841945288754e-04
7.9617834394904463e-04
1.0537407797681770e-03
1.1135857461024498e-03
7.5987841945288754e-04
7.9617834394904463e-04
1.0537407797681770e-03
1.1135857461024498e-03
7.5987841945288754e-04
7.9617834394904463e-04
1.0537407797681770e-03
1.1135857461024498e-03
7.5987841945288754e-04
7.9617834394904463e-04
1.0537407797681770e-03
1.1135857461024498e-03
7.5987841945288754e-04
7.9617834394904463e-04
1.0537407797681770e-03
1.1135857461024498e-03
7.5987841945288754e-04
7.9617834394904463e-04
1.0537407797681770e-03
2.7548209366391185e-03
1.1061946902654867e-03
7.9617834394904463e-04
1.0537407797681770e-03
1.1135857461024498e-03
7.5987841945288754e-04
9.7847358121330719e-04
1.0537407797681770e-03
1.1441647597254005e-03
7.5987841945288754e-04
7.9617834394904463e-04
1.0537407797681770e-03
1.1441647597254005e-03
7.5987841945288754e-04
7.9617834394904463e-04
1.0537407797681770e-03
2.7548209366391185e-03
7.5987841945288754e-04
7.9617834394904463e-04
1.0537407797681770e-03
1.7064846416382253e-03
7.5357950263752827e-04
7.9617834394904463e-04
1.0537407797681770e-03
1.1061946902654867e-03
7.5357950263752827e-04
9.8911968348170125e-04
1.0537407797681770e-03
1.1061946902654867e-03
7.5357950263752827e-04
9.8911968348170125e-04
1.0537407797681770e-03
2.7548209366391185e-03
8.1766148814390845e-04
1.0193679918450561e-03
1.0537407797681770e-03
0.0
7.5987841945288754e-04
7.9617834394904463e-04
1.0537407797681770e-03
2.7548209366391185e-03
1.0752688172043011e-03
7.6982294072363352e-04
1.0537407797681770e-03
2.7548209366391185e-03
1.0752688172043011e-03
7.6982294072363352e-04
1.0537407797681770e-03
2.7548209366391185e-03
1.0799136069114472e-03
7.9617834394904463e-04
1.0537407797681770e-03
2.7548209366391185e-03
1.0752688172043011e-03
7.6982294072363352e-04
1.0537407797681770e-03
1.1123470522803114e-03
1.0857763300760044e-03
7.8864353312302837e-04
1.0537407797681770e-03
1.1123470522803114e-03
1.0582010582010583e-03
7.5642965204236008e-04
1.0537407797681770e-03
2.7548209366391185e-03
1.0362694300518134e-03
7.6982294072363352e-04
1.0537407797681770e-03
2.7548209366391185e-03
1.0582010582010583e-03
7.8988941548183253e-04
1.0537407797681770e-03
2.7548209366391185e-03
1.0582010582010583e-03
7.8988941548183253e-04
1.0537407797681770e-03
8.3333333333333329e-02
8.3333333333333329e-02
8.3333333333333329e-02
8.3333333333333329e-02
8.3333333333333329e-02
2.7548209366391185e-03
1.0582010582010583e-03
7.8988941548183253e-04
1.0537407797681770e-03
2.7548209366391185e-03
1.0582010582010583e-03
7.8988941548183253e-04
1.0537407797681770e-03
2.7548209366391185e-03
1.0582010582010583e-03
7.6982294072363352e-04
1.0537407797681770e-03
2.7548209366391185e-03
1.0582010582010583e-03
7.6982294072363352e-04
1.0537407797681770e-03
2.7548209366391185e-03
1.0582010582010583e-03
7.5987841945288754e-04
7.9617834394904463e-04
2.7548209366391185e-03
1.0582010582010583e-03
7.8988941548183253e-04
1.0537407797681770e-03
2.7548209366391185e-03
1.0582010582010583e-03
7.6982294072363352e-04
1.0537407797681770e-03
2.7548209366391185e-03
1.0582010582010583e-03
7.5987841945288754e-04
7.9617834394904463e-04
2.7548209366391185e-03
1.0582010582010583e-03
7.5987841945288754e-04
7.9617834394904463e-04
2.7548209366391185e-03
1.0582010582010583e-03
7.6982294072363352e-04
1.0537407797681770e-03
2.7548209366391185e-03
1.0582010582010583e-03
7.6982294072363352e-04
1.0537407797681770e-03
2.7548209366391185e-03
1.0582010582010583e-03
7.6982294072363352e-04
1.0537407797681770e-03
2.7548209366391185e-03
1.0582010582010583e-03
7.9113924050632910e-04
1.0537407797681770e-03
2.7548209366391185e-03
1.0582010582010583e-03
7.6982294072363352e-04
1.0537407797681770e-03
2.7548209366391185e-03
1.0582010582010583e-03
7.6982294072363352e-04
1.0537407797681770e-03
2.7548209366391185e-03
1.0582010582010583e-03
7.6982294072363352e-04
1.0537407797681770e-03
2.7548209366391185e-03
1.0582010582010583e-03
7.6982294072363352e-04
1.0537407797681770e-03
2.7548209366391185e-03
1.0582010582010583e-03
7.9051383399209485e-04
1.0537407797681770e-03
2.7548209366391185e-03
1.0582010582010583e-03
7.8988941548183253e-04
1.0537407797681770e-03
2.7548209366391185e-03
1.0582010582010583e-03
7.5987841945288754e-04
7.9617834394904463e-04
2.7548209366391185e-03
1.0582010582010583e-03
7.6982294072363352e-04
1.0537407797681770e-03
2.7548209366391185e-03
1.0582010582010583e-03
7.6982294072363352e-04
1.0537407797681770e-03
2.7548209366391185e-03
1.0582010582010583e-03
7.6982294072363352e-04
1.0537407797681770e-03
2.7548209366391185e-03
1.0582010582010583e-03
7.6982294072363352e-04
1.0537407797681770e-03
2.7548209366391185e-03
1.0582010582010583e-03
7.5987841945288754e-04
7.9617834394904463e-04
2.7548209366391185e-03
1.0582010582010583e-03
7.5987841945288754e-04
9.8814229249011851e-04
2.7548209366391185e-03
1.0582010582010583e-03
7.6982294072363352e-04
1.0537407797681770e-03
2.7548209366391185e-03
1.0582010582010583e-03
7.6982294072363352e-04
1.0537407797681770e-03
2.7548209366391185e-03
1.0582010582010583e-03
7.6982294072363352e-04
1.0537407797681770e-03
2.7548209366391185e-03
1.0582010582010583e-03
7.6982294072363352e-04
1.0537407797681770e-03
1.0504201680672268e-03
8.3542188805346695e-04
7.9554494828957840e-04
1.0537407797681770e-03
2.7548209366391185e-03
1.0582010582010583e-03
7.6982294072363352e-04
1.0537407797681770e-03
2.7548209366391185e-03
1.0582010582010583e-03
7.6982294072363352e-04
1.0537407797681770e-03
2.7548209366391185e-03
1.0582010582010583e-03
7.6982294072363352e-04
1.0537407797681770e-03
2.7548209366391185e-03
1.0582010582010583e-03
7.6982294072363352e-04
1.0537407797681770e-03
2.7548209366391185e-03
1.0582010582010583e-03
7.6982294072363352e-04
1.0537407797681770e-03
2.7548209366391185e-03
1.0582010582010583e-03
7.6982294072363352e-04
1.0537407797681770e-03
2.7548209366391185e-03
1.0582010582010583e-03
7.6982294072363352e-04
1.0537407797681770e-03
2.7548209366391185e-03
1.0582010582010583e-03
7.6982294072363352e-04
1.0537407797681770e-03
2.7548209366391185e-03
1.0582010582010583e-03
7.9239302694136295e-04
1.0537407797681770e-03
2.7548209366391185e-03
1.0582010582010583e-03
7.5987841945288754e-04
1.0537407797681770e-03
2.7548209366391185e-03
1.0582010582010583e-03
7.6982294072363352e-04
1.0537407797681770e-03
2.7548209366391185e-03
1.0582010582010583e-03
7.6982294072363352e-04
1.0537407797681770e-03
2.7548209366391185e-03
1.0582010582010583e-03
7.6982294072363352e-04
1.0537407797681770e-03
2.7548209366391185e-03
1.0582010582010583e-03
7.6982294072363352e-04
1.0537407797681770e-03
2.7548209366391185e-03
1.0582010582010583e-03
7.6982294072363352e-04
1.0537407797681770e-03
2.7548209366391185e-03
1.0582010582010583e-03
7.6982294072363352e-04
1.0537407797681770e-03
2.7548209366391185e-03
1.0582010582010583e-03
7.6982294072363352e-04
1.0537407797681770e-03
2.7548209366391185e-03
1.0582010582010583e-03
7.6982294072363352e-04
1.0537407797681770e-03
2.7548209366391185e-03
1.0582010582010583e-03
7.6982294072363352e-04
1.0537407797681770e-03
2.7548209366391185e-03
1.0582010582010583e-03
7.5987841945288754e-04
1.0537407797681770e-03
2.7548209366391185e-03
1.0582010582010583e-03
7.5987841945288754e-04
9.8814229249011851e-04
1.1123470522803114e-03
1.0582010582010583e-03
7.8802206461780935e-04
1.0537407797681770e-03
2.7548209366391185e-03
1.0582010582010583e-03
7.5987841945288754e-04
1.0537407797681770e-03
2.7548209366391185e-03
1.0582010582010583e-03
7.6982294072363352e-04
1.0537407797681770e-03
2.7548209366391185e-03
1.0582010582010583e-03
7.6982294072363352e-04
1.0537407797681770e-03
2.7548209366391185e-03
1.0582010582010583e-03
7.8369905956112850e-04
1.2953367875647669e-03
2.7548209366391185e-03
1.0582010582010583e-03
7.5987841945288754e-04
1.0537407797681770e-03
2.7548209366391185e-03
1.0504201680672268e-03
7.8988941548183253e-04
1.0537407797681770e-03
2.7548209366391185e-03
1.0582010582010583e-03
7.5987841945288754e-04
9.8814229249011851e-04
2.7548209366391185e-03
1.0582010582010583e-03
7.5987841945288754e-04
9.8814229249011851e-04
2.7548209366391185e-03
1.0582010582010583e-03
7.8369905956112850e-04
1.2953367875647669e-03
2.7548209366391185e-03
1.0582010582010583e-03
7.5987841945288754e-04
1.0537407797681770e-03
2.7548209366391185e-03
1.0582010582010583e-03
7.5987841945288754e-04
9.8814229249011851e-04
2.7548209366391185e-03
1.0582010582010583e-03
7.5987841945288754e-04
1.0537407797681770e-03
2.7548209366391185e-03
1.0582010582010583e-03
7.5987841945288754e-04
1.0537407797681770e-03
2.7548209366391185e-03
1.0582010582010583e-03
7.5987841945288754e-04
1.0537407797681770e-03
2.7548209366391185e-03
1.0582010582010583e-03
7.5357950263752827e-04
1.0060362173038230e-03
2.7548209366391185e-03
1.0582010582010583e-03
7.5357950263752827e-04
1.0060362173038230e-03
2.7548209366391185e-03
1.0582010582010583e-03
7.5987841945288754e-04
9.8814229249011851e-04
2.7548209366391185e-03
1.0582010582010583e-03
1.0060362173038230e-03
7.9239302694136295e-04
2.7548209366391185e-03
1.0582010582010583e-03
7.5357950263752827e-04
1.0060362173038230e-03
2.7548209366391185e-03
1.0582010582010583e-03
7.5987841945288754e-04
9.8814229249011851e-04
2.7548209366391185e-03
1.0582010582010583e-03
7.5987841945288754e-04
9.8814229249011851e-04
2.7548209366391185e-03
1.0582010582010583e-03
7.5357950263752827e-04
1.0060362173038230e-03
2.7548209366391185e-03
1.0582010582010583e-03
7.5357950263752827e-04
1.0060362173038230e-03
2.7548209366391185e-03
1.0582010582010583e-03
7.5987841945288754e-04
9.8814229249011851e-04
2.7548209366391185e-03
1.0582010582010583e-03
7.5987841945288754e-04
9.8814229249011851e-04
2.7548209366391185e-03
1.0582010582010583e-03
7.6982294072363352e-04
1.0537407797681770e-03
2.7855153203342618e-03
1.0582010582010583e-03
7.6982294072363352e-04
1.0537407797681770e-03
2.7548209366391185e-03
1.0582010582010583e-03
1.0000000000000000e-03
7.9617834394904463e-04
2.7548209366391185e-03
1.0582010582010583e-03
7.7519379844961239e-04
1.0537407797681770e-03
2.7548209366391185e-03
1.0582010582010583e-03
1.0526315789473684e-03
1.0537407797681770e-03
2.7548209366391185e-03
1.0582010582010583e-03
7.5987841945288754e-04
1.0537407797681770e-03
2.7548209366391185e-03
1.0582010582010583e-03
1.0000000000000000e-03
9.8814229249011851e-04
2.7855153203342618e-03
1.0582010582010583e-03
7.6982294072363352e-04
1.0537407797681770e-03
2.7548209366391185e-03
1.5576323987538940e-03
8.0064051240992789e-04
1.0537407797681770e-03
2.7548209366391185e-03
1.0582010582010583e-03
1.0000000000000000e-03
1.0537407797681770e-03
2.7548209366391185e-03
1.0582010582010583e-03
7.9617834394904463e-04
1.4577259475218659e-03
1.0000000000000001e-01
1.0000000000000000e-03
7.9617834394904463e-04
1.0537407797681770e-03
9.0909090909090912e-02
7.5987841945288754e-04
7.9617834394904463e-04
1.0537407797681770e-03
1.3888888888888888e-02
1.6666666666666666e-01
2.3474178403755869e-03
1.4814814814814814e-03
5.8823529411764705e-02
1.1111111111111110e-01
2.5510204081632651e-03
1.4903129657228018e-03
5.8823529411764705e-02
1.1111111111111110e-01
2.5510204081632651e-03
1.4903129657228018e-03
2.6041666666666665e-03
2.4509803921568627e-03
1.9230769230769232e-02
1.2970168612191958e-03
5.8823529411764705e-02
1.1111111111111110e-01
2.5510204081632651e-03
1.4903129657228018e-03
8.3333333333333329e-02
7.5357950263752827e-04
7.9617834394904463e-04
1.0537407797681770e-03
2.5000000000000000e-01
5.0000000000000000e-01
2.6315789473684210e-03
1.5197568389057751e-03
7.8926598263614838e-04
7.9617834394904463e-04
1.0537407797681770e-03
7.5357950263752827e-04
7.6982294072363352e-04
1.0537407797681770e-03
8.1900081900081905e-04
6.3816209317166565e-04
7.9113924050632910e-04
1.0030090270812437e-03
7.9554494828957840e-04
1.0537407797681770e-03
1.4556040756914120e-03
7.9617834394904463e-04
1.0537407797681770e-03
2.7548209366391185e-03
8.0580177276390005e-04
1.0537407797681770e-03
2.7548209366391185e-03
7.8988941548183253e-04
1.0537407797681770e-03
1.1123470522803114e-03
8.0064051240992789e-04
1.0537407797681770e-03
1.1135857461024498e-03
7.7639751552795026e-04
1.0537407797681770e-03
2.7548209366391185e-03
1.0752688172043011e-03
7.6982294072363352e-04
2.7548209366391185e-03
8.0906148867313920e-04
1.0537407797681770e-03
2.7548209366391185e-03
8.0580177276390005e-04
1.0537407797681770e-03
1.1441647597254005e-03
7.5987841945288754e-04
1.0537407797681770e-03
2.7548209366391185e-03
8.0064051240992789e-04
1.0537407797681770e-03
2.7548209366391185e-03
1.0582010582010583e-03
7.9744816586921851e-04
1.1123470522803114e-03
8.0580177276390005e-04
1.0718113612004287e-03
1.1123470522803114e-03
1.0582010582010583e-03
7.7339520494972935e-04
2.7548209366391185e-03
8.0971659919028337e-04
1.0537407797681770e-03
2.7855153203342618e-03
8.0064051240992789e-04
1.0537407797681770e-03
2.7548209366391185e-03
1.0787486515641855e-03
9.8814229249011851e-04
2.7548209366391185e-03
1.0582010582010583e-03
1.0537407797681770e-03
1.1123470522803114e-03
1.0582010582010583e-03
9.9403578528827028e-04
2.7855153203342618e-03
1.0362694300518134e-03
1.0060362173038230e-03
2.7548209366391185e-03
1.0582010582010583e-03
7.8616352201257866e-04
2.7548209366391185e-03
1.0582010582010583e-03
7.5987841945288754e-04
2.7548209366391185e-03
1.0582010582010583e-03
1.0060362173038230e-03
1.1123470522803114e-03
1.4409221902017290e-03
1.0060362173038230e-03
2.7548209366391185e-03
1.0582010582010583e-03
1.0000000000000000e-03
2.3752969121140144e-03
1.9230769230769232e-02
1.1111111111111110e-01
9.0909090909090912e-02
2.7548209366391185e-03
1.0582010582010583e-03
1.0050251256281408e-03
9.0909090909090912e-02
7.9617834394904463e-04
9.8814229249011851e-04
9.0909090909090912e-02
7.9617834394904463e-04
1.0537407797681770e-03
8.3333333333333329e-02
7.8864353312302837e-04
1.0060362173038230e-03
1.5822784810126582e-03
2.0161290322580645e-03
1.7985611510791368e-03
2.4096385542168677e-03
2.5641025641025641e-03
2.2222222222222222e-03
2.6041666666666665e-03
2.4509803921568627e-03
2.4213075060532689e-03
3.3333333333333331e-01
2.4271844660194173e-03
1.4814814814814814e-03
8.3333333333333329e-02
7.9617834394904463e-04
1.0537407797681770e-03
2.7548209366391185e-03
1.0582010582010583e-03
9.0909090909090912e-02
3.3333333333333331e-01
2.5510204081632651e-03
3.3333333333333331e-01
6.6844919786096253e-04
3.7735849056603774e-03
1.1235955056179776e-03
1.0537407797681770e-03
2.7548209366391185e-03
1.0537407797681770e-03
1.1135857461024498e-03
7.8369905956112850e-04
2.7548209366391185e-03
1.0582010582010583e-03
9.0909090909090912e-02
7.9239302694136295e-04
1.0559662090813093e-03
2.8089887640449437e-03
8.3333333333333329e-02
8.0775444264943462e-04
8.3333333333333329e-02
1.7543859649122806e-02
1.4903129657228018e-03
7.6923076923076927e-02
9.9502487562189048e-04
1.0000000000000001e-01
1.7035775127768314e-03
5.8823529411764705e-02
1.4903129657228018e-03
2.6041666666666665e-03
2.3696682464454978e-03
6.6666666666666666e-02
2.3752969121140144e-03
2.5000000000000000e-01
2.5000000000000000e-01
9.0909090909090912e-02
1.0537407797681770e-03
2.4509803921568627e-03
2.3696682464454978e-03
9.0909090909090912e-02
1.4903129657228018e-03
1.5037593984962407e-03
2.0000000000000001e-01
1.2500000000000000e-01
1.0515247108307045e-03
8.3333333333333329e-02
8.3333333333333329e-02
1.0537407797681770e-03
8.0064051240992789e-04
3.3333333333333331e-01
2.5252525252525255e-03
1.4285714285714285e-01
9.9403578528827028e-04
1.0537407797681770e-03
7.8926598263614838e-04
2.0000000000000001e-01
1.4814814814814814e-03
9.9800399201596798e-04
1.5673981191222570e-03
1.0559662090813093e-03
1.1123470522803114e-03
1.0362694300518134e-03
1.9342359767891683e-03
1.0000000000000000e+00
2.7548209366391185e-03
1.6556291390728477e-03
2.7548209366391185e-03
4.6511627906976744e-03
2.6315789473684210e-03
2.7548209366391185e-03
2.8985507246376812e-03
2.6315789473684210e-03
3.3222591362126247e-03
5.0000000000000000e-01
3.3333333333333331e-01
2.0000000000000001e-01
7.1428571428571425e-02
5.0000000000000000e-01
2.7548209366391185e-03
1.6420361247947454e-03
1.4285714285714285e-01
2.9940119760479044e-03
3.1545741324921135e-03
2.0000000000000001e-01
3.1152647975077881e-03
2.5000000000000000e-01
5.0000000000000000e-01
2.6595744680851063e-03
2.6595744680851063e-03
1.0000000000000000e+00
8.3333333333333329e-02
5.0000000000000000e-01
2.9069767441860465e-03
5.0000000000000000e-01
2.9239766081871343e-03
9.0909090909090912e-02
2.9154518950437317e-03
5.8823529411764705e-02
5.0000000000000000e-01
1.0000000000000000e+00
2.9069767441860465e-03
9.0909090909090912e-02
1.6666666666666666e-01
1.0000000000000000e+00
1.0000000000000000e+00
1.0000000000000000e+00
5.5555555555555552e-02
6.6666666666666666e-02
5.5555555555555552e-02
6.6666666666666666e-02
5.5555555555555552e-02
6.6666666666666666e-02
5.5555555555555552e-02
6.6666666666666666e-02
5.5555555555555552e-02
6.6666666666666666e-02
5.5555555555555552e-02
6.6666666666666666e-02
1.0000000000000000e+00
5.5555555555555552e-02
6.6666666666666666e-02
7.6923076923076927e-02
9.0909090909090912e-02
1.2500000000000000e-01
7.6923076923076927e-02
9.0909090909090912e-02
1.2500000000000000e-01
2.5000000000000000e-01
2.5000000000000000e-01
3.3333333333333331e-01
3.3333333333333331e-01
1.0000000000000000e+00
3.8461538461538464e-02
6.2500000000000000e-02
3.8461538461538464e-02
6.2500000000000000e-02
3.3333333333333331e-01
1.6666666666666666e-01
1.0000000000000000e+00
3.3333333333333331e-01
6.6666666666666666e-02
1.0000000000000001e-01
6.2500000000000000e-02
1.0000000000000001e-01
3.8461538461538464e-02
1.0000000000000001e-01
7.6923076923076927e-02
9.0909090909090912e-02
5.5555555555555552e-02
1.0000000000000001e-01
7.6923076923076927e-02
9.0909090909090912e-02
3.8461538461538464e-02
1.1111111111111110e-01
7.6923076923076927e-02
9.0909090909090912e-02
7.6923076923076927e-02
9.0909090909090912e-02
7.6923076923076927e-02
9.0909090909090912e-02
7.6923076923076927e-02
9.0909090909090912e-02
5.0000000000000003e-02
6.2500000000000000e-02
7.6923076923076927e-02
9.0909090909090912e-02
6.6666666666666666e-02
1.0000000000000001e-01
5.0000000000000003e-02
6.2500000000000000e-02
3.8461538461538464e-02
6.2500000000000000e-02
1.0000000000000000e+00
2.5000000000000000e-01
2.5000000000000000e-01
6.6666666666666666e-02
1.0000000000000001e-01
7.6923076923076927e-02
9.0909090909090912e-02
5.5555555555555552e-02
1.0000000000000001e-01
6.6666666666666666e-02
1.0000000000000001e-01
6.6666666666666666e-02
1.0000000000000001e-01
2.0000000000000001e-01
2.0000000000000001e-01
7.6923076923076927e-02
9.0909090909090912e-02
2.5000000000000000e-01
3.3333333333333331e-01
3.3333333333333331e-01
6.6666666666666666e-02
1.0000000000000001e-01
2.5000000000000000e-01
2.5000000000000000e-01
3.3333333333333331e-01
4.0000000000000001e-02
6.2500000000000000e-02
2.5000000000000000e-01
2.5000000000000000e-01
5.0000000000000003e-02
6.2500000000000000e-02
2.0000000000000001e-01
2.0000000000000001e-01
2.0000000000000001e-01
2.0000000000000001e-01
2.0000000000000001e-01
2.0000000000000001e-01
4.0000000000000001e-02
6.2500000000000000e-02
1.4285714285714285e-01
2.0000000000000001e-01
2.5000000000000000e-01
2.5000000000000000e-01
1.4285714285714285e-01
2.0000000000000001e-01
1.4285714285714285e-01
2.0000000000000001e-01
1.4285714285714285e-01
2.0000000000000001e-01
1.4285714285714285e-01
2.0000000000000001e-01
2.5000000000000000e-01
2.5000000000000000e-01
3.3333333333333331e-01
1.6666666666666666e-01
1.2500000000000000e-01
2.0000000000000001e-01
2.0000000000000001e-01
2.0000000000000001e-01
1.0000000000000000e+00
1.0000000000000000e+00
1.2500000000000000e-01
1.6666666666666666e-01
7.6923076923076927e-02
3.3333333333333331e-01
1.6666666666666666e-01
1.0000000000000000e+00
3.3333333333333331e-01
2.0000000000000001e-01
3.3333333333333331e-01
1.6666666666666666e-01
5.0000000000000000e-01
5.0000000000000000e-01
7.6923076923076927e-02
1.0000000000000000e+00
1.0000000000000000e+00
1.0000000000000000e+00
8.3333333333333329e-02
7.6923076923076927e-02
7.6923076923076927e-02
7.6923076923076927e-02
8.3333333333333329e-02
7.6923076923076927e-02
