9.0090090090090089e-03
9.3457943925233638e-03
9.1743119266055051e-03
9.4339622641509430e-03
8.8495575221238937e-03
9.2592592592592587e-03
2.5641025641025640e-02
2.5641025641025640e-02
1.2195121951219513e-02
2.0408163265306121e-02
2.7777777777777776e-02
1.4925373134328358e-02
1.3698630136986301e-02
2.7777777777777776e-02
9.8039215686274508e-03
1.0000000000000000e-02
1.1494252873563218e-02
9.6153846153846159e-03
4.1666666666666664e-02
1.2195121951219513e-02
1.6666666666666666e-01
1.9607843137254902e-02
1.1627906976744186e-02
2.3255813953488372e-02
1.1904761904761904e-02
2.2222222222222223e-02
2.0833333333333332e-02
1.7241379310344827e-02
2.2222222222222223e-02
2.0000000000000000e-02
1.2500000000000000e-01
1.1764705882352941e-02
5.2631578947368418e-02
1.0869565217391304e-02
2.2222222222222223e-02
2.1739130434782608e-02
1.3513513513513514e-02
1.1363636363636364e-02
6.6666666666666666e-02
9.0090090090090089e-03
2.2727272727272728e-02
2.1739130434782608e-02
3.5714285714285712e-02
2.6315789473684209e-02
1.7857142857142856e-02
2.2727272727272728e-02
1.8518518518518517e-02
2.0833333333333332e-02
2.0000000000000000e-02
2.5000000000000001e-02
9.7087378640776691e-03
1.4492753623188406e-02
3.5714285714285712e-02
2.2222222222222223e-02
5.5555555555555552e-02
1.4285714285714285e-01
1.9230769230769232e-02
2.2222222222222223e-02
1.0989010989010990e-02
1.6666666666666666e-02
2.4390243902439025e-02
1.9607843137254902e-02
1.6129032258064516e-02
2.7777777777777776e-02
1.4705882352941176e-02
5.5555555555555552e-02
1.0204081632653060e-02
3.8461538461538464e-02
1.2500000000000001e-02
2.8571428571428571e-02
1.1627906976744186e-02
5.8823529411764705e-02
1.7543859649122806e-02
1.9607843137254902e-02
2.8571428571428571e-02
2.4390243902439025e-02
1.1494252873563218e-02
5.0000000000000000e-01
2.7777777777777776e-02
1.5625000000000000e-02
1.0000000000000000e-02
3.5714285714285712e-02
1.8181818181818181e-02
2.0408163265306121e-02
2.1276595744680851e-02
8.9285714285714281e-03
5.0000000000000000e-01
1.9607843137254902e-02
3.8461538461538464e-02
2.7777777777777776e-02
5.5555555555555552e-02
1.6393442622950821e-02
1.9230769230769232e-02
2.7777777777777776e-02
7.6923076923076927e-02
3.7037037037037035e-02
1.4084507042253521e-02
4.1666666666666664e-02
1.6393442622950821e-02
1.3333333333333334e-02
6.6666666666666666e-02
2.2222222222222223e-02
1.7543859649122806e-02
7.6923076923076927e-02
1.0000000000000000e+00
4.1666666666666664e-02
1.4925373134328358e-02
7.6923076923076927e-02
3.8461538461538464e-02
1.3333333333333334e-02
1.2820512820512820e-02
9.0909090909090912e-02
5.0000000000000000e-01
1.6666666666666666e-01
1.1764705882352941e-02
3.7037037037037035e-02
1.2345679012345678e-02
3.7037037037037035e-02
2.5000000000000000e-01
3.0303030303030304e-02
2.4390243902439025e-02
4.0000000000000001e-02
2.7777777777777776e-02
2.2222222222222223e-02
2.2727272727272728e-02
1.6666666666666666e-01
1.1111111111111110e-01
8.6956521739130436e-03
2.5641025641025640e-02
4.1666666666666664e-02
1.0000000000000001e-01
2.7777777777777776e-02
8.8495575221238937e-03
1.1904761904761904e-02
1.2987012987012988e-02
1.2500000000000000e-01
3.0303030303030304e-02
1.5625000000000000e-02
3.8461538461538464e-02
1.0309278350515464e-02
1.3333333333333334e-02
5.8823529411764705e-02
2.3809523809523808e-02
2.1739130434782608e-02
4.3478260869565216e-02
1.1235955056179775e-02
3.3333333333333331e-01
6.6666666666666666e-02
8.1967213114754103e-03
2.0000000000000001e-01
1.0989010989010990e-02
2.0000000000000000e-02
6.2500000000000000e-02
1.3157894736842105e-02
1.1111111111111112e-02
8.6956521739130436e-03
1.9230769230769232e-02
2.1739130434782608e-02
3.5714285714285712e-02
3.0303030303030304e-02
1.6393442622950821e-02
2.0000000000000001e-01
1.5384615384615385e-02
1.1235955056179775e-02
2.4390243902439025e-02
6.2500000000000000e-02
1.7543859649122806e-02
1.6666666666666666e-02
3.1250000000000000e-02
3.3333333333333333e-02
6.2500000000000000e-02
1.4285714285714285e-01
3.0303030303030304e-02
1.4285714285714285e-01
4.3478260869565216e-02
2.7027027027027029e-02
1.0309278350515464e-02
2.0000000000000001e-01
1.9607843137254902e-02
9.0909090909090912e-02
1.1363636363636364e-02
8.7719298245614030e-03
3.5714285714285712e-02
2.5000000000000001e-02
1.1904761904761904e-02
1.1494252873563218e-02
3.8461538461538464e-02
2.2727272727272728e-02
1.4285714285714285e-01
2.2727272727272728e-02
3.8461538461538464e-02
4.1666666666666664e-02
1.1111111111111110e-01
2.3809523809523808e-02
2.0000000000000001e-01
5.2631578947368418e-02
1.9607843137254902e-02
1.4285714285714285e-01
9.0909090909090912e-02
9.0909090909090912e-02
2.0000000000000001e-01
8.3333333333333329e-02
7.1428571428571425e-02
1.3157894736842105e-02
3.0303030303030304e-02
1.4285714285714285e-01
1.0000000000000001e-01
1.4285714285714285e-01
1.4285714285714285e-01
8.3333333333333332e-03
4.3478260869565216e-02
9.0909090909090912e-02
1.9607843137254902e-02
2.0000000000000001e-01
1.6666666666666666e-01
6.6666666666666666e-02
1.6666666666666666e-01
1.4285714285714285e-01
1.1111111111111110e-01
1.0000000000000001e-01
1.9607843137254902e-02
5.0000000000000003e-02
9.0909090909090912e-02
5.8823529411764705e-02
2.7027027027027029e-02
1.1111111111111110e-01
1.0000000000000000e+00
2.5000000000000000e-01
1.0101010101010102e-02
1.8518518518518517e-02
1.0000000000000000e+00
1.3698630136986301e-02
1.0000000000000000e+00
3.3333333333333331e-01
3.3333333333333331e-01
1.4492753623188406e-02
4.3478260869565216e-02
2.2222222222222223e-02
3.7037037037037035e-02
3.3333333333333331e-01
2.4390243902439025e-02
1.2500000000000000e-01
3.2258064516129031e-02
1.4285714285714285e-01
5.8823529411764705e-02
4.3478260869565216e-02
3.2258064516129031e-02
6.6666666666666666e-02
3.2258064516129031e-02
7.6923076923076927e-02
2.0000000000000001e-01
7.1428571428571425e-02
2.0000000000000001e-01
2.7027027027027029e-02
3.3333333333333331e-01
5.1546391752577319e-03
2.5000000000000000e-01
1.0000000000000001e-01
1.7543859649122806e-02
1.0000000000000000e+00
6.6666666666666666e-02
4.7846889952153108e-03
3.3333333333333331e-01
1.4285714285714285e-01
1.0000000000000001e-01
5.0000000000000000e-01
1.7857142857142856e-02
5.0000000000000000e-01
5.0000000000000000e-01
3.7037037037037035e-02
6.6666666666666666e-02
3.5714285714285712e-02
4.4444444444444444e-03
5.0000000000000000e-01
1.0000000000000000e+00
3.3333333333333333e-02
7.6923076923076927e-02
8.3333333333333329e-02
4.5454545454545452e-03
1.0000000000000000e+00
4.8076923076923080e-03
1.0000000000000000e+00
1.1111111111111110e-01
5.5555555555555552e-02
5.0000000000000003e-02
2.7777777777777776e-02
5.0000000000000003e-02
2.5000000000000001e-02
2.9411764705882353e-02
1.0000000000000000e+00
5.1813471502590676e-03
2.8571428571428571e-02
4.4444444444444444e-03
3.2258064516129031e-02
4.6511627906976744e-03
9.0909090909090912e-02
3.4482758620689655e-02
7.6923076923076927e-02
5.0000000000000000e-01
3.7037037037037035e-02
4.4052863436123352e-03
8.3333333333333329e-02
4.6948356807511738e-03
5.2631578947368418e-02
1.0000000000000000e+00
1.0000000000000000e+00
4.5248868778280547e-03
5.0000000000000003e-02
4.4052863436123352e-03
4.8076923076923080e-03
2.5000000000000000e-01
1.6666666666666666e-01
4.4843049327354259e-03
4.4247787610619468e-03
5.0761421319796950e-03
1.0000000000000001e-01
2.3809523809523808e-02
5.2631578947368418e-02
4.6082949308755760e-03
4.4444444444444444e-03
4.6948356807511738e-03
3.7037037037037035e-02
4.4843049327354259e-03
5.0251256281407036e-03
4.3668122270742356e-03
5.0000000000000000e-01
9.0909090909090912e-02
4.4642857142857140e-03
1.0000000000000000e+00
2.5000000000000000e-01
4.6728971962616819e-03
4.3859649122807015e-03
8.3333333333333329e-02
4.7619047619047616e-02
4.4052863436123352e-03
4.4444444444444444e-03
2.6315789473684209e-02
9.0909090909090912e-02
4.5662100456621002e-03
4.3859649122807015e-03
4.3290043290043290e-03
5.1546391752577319e-03
4.9019607843137254e-03
1.2500000000000000e-01
4.3290043290043290e-03
3.7037037037037035e-02
5.6497175141242938e-03
5.5865921787709499e-03
6.6666666666666666e-02
4.7393364928909956e-03
5.4945054945054949e-03
4.3290043290043290e-03
4.4247787610619468e-03
4.4642857142857140e-03
4.4052863436123352e-03
4.4052863436123352e-03
5.1546391752577319e-03
4.3668122270742356e-03
4.6728971962616819e-03
2.9411764705882353e-02
5.0000000000000003e-02
9.0909090909090912e-02
4.8076923076923080e-03
1.6666666666666666e-01
5.1813471502590676e-03
2.0000000000000001e-01
1.0000000000000001e-01
4.8076923076923080e-03
2.5641025641025640e-02
4.5871559633027525e-03
5.2631578947368418e-02
3.2258064516129031e-02
4.4052863436123352e-03
3.8461538461538464e-02
4.8076923076923080e-03
4.5871559633027525e-03
1.6666666666666666e-01
4.4247787610619468e-03
4.4642857142857140e-03
2.5000000000000000e-01
4.3478260869565218e-03
4.3290043290043290e-03
1.1111111111111110e-01
4.4247787610619468e-03
4.3668122270742356e-03
4.8780487804878049e-03
4.3478260869565218e-03
5.1546391752577319e-03
4.4642857142857140e-03
5.2631578947368418e-02
4.4642857142857140e-03
1.4285714285714285e-01
1.2500000000000000e-01
2.5000000000000000e-01
4.5454545454545452e-03
4.8309178743961350e-03
4.3290043290043290e-03
4.4444444444444444e-03
4.5662100456621002e-03
4.3290043290043290e-03
4.4052863436123352e-03
5.0761421319796950e-03
4.5045045045045045e-03
5.0761421319796950e-03
4.4444444444444444e-03
4.3859649122807015e-03
5.8823529411764705e-02
4.5248868778280547e-03
4.0000000000000001e-02
4.7619047619047623e-03
1.1111111111111110e-01
6.2500000000000000e-02
4.9261083743842365e-03
4.5662100456621002e-03
4.9261083743842365e-03
4.4843049327354259e-03
4.5871559633027525e-03
4.4247787610619468e-03
2.5000000000000000e-01
4.4843049327354259e-03
2.5000000000000000e-01
7.6923076923076927e-02
3.3333333333333331e-01
4.3859649122807015e-03
4.4843049327354259e-03
5.4347826086956520e-03
4.9019607843137254e-03
1.0000000000000000e+00
7.6923076923076927e-02
4.5045045045045045e-03
5.0000000000000000e-01
1.6666666666666666e-01
4.4444444444444444e-03
4.4642857142857140e-03
5.2631578947368418e-02
3.3333333333333333e-02
4.7846889952153108e-03
6.6666666666666666e-02
6.6666666666666666e-02
8.6206896551724137e-03
4.5248868778280547e-03
4.6082949308755760e-03
5.0761421319796950e-03
1.4285714285714285e-01
4.4444444444444444e-03
4.7169811320754715e-03
4.3290043290043290e-03
1.0000000000000001e-01
4.4642857142857140e-03
4.5662100456621002e-03
4.9261083743842365e-03
4.3478260869565216e-02
3.0303030303030304e-02
1.1111111111111110e-01
4.4052863436123352e-03
4.5248868778280547e-03
4.4642857142857140e-03
7.6923076923076927e-02
5.0000000000000000e-01
7.1428571428571425e-02
4.4247787610619468e-03
4.5045045045045045e-03
6.0975609756097563e-03
6.0975609756097563e-03
4.3859649122807015e-03
5.2631578947368418e-02
1.2500000000000000e-01
4.6296296296296294e-03
4.5248868778280547e-03
7.6923076923076927e-02
5.5555555555555552e-02
8.3333333333333329e-02
4.5045045045045045e-03
4.9261083743842365e-03
4.3859649122807015e-03
4.4843049327354259e-03
4.4843049327354259e-03
4.0000000000000001e-02
4.5248868778280547e-03
2.5000000000000000e-01
5.0000000000000000e-01
3.7037037037037035e-02
4.4247787610619468e-03
4.8076923076923080e-03
4.4843049327354259e-03
5.2631578947368418e-02
1.1111111111111110e-01
4.1666666666666664e-02
4.4052863436123352e-03
4.6948356807511738e-03
4.6948356807511738e-03
1.0000000000000000e+00
4.4052863436123352e-03
7.6923076923076927e-02
5.2631578947368418e-02
4.4642857142857140e-03
4.4052863436123352e-03
4.3668122270742356e-03
4.4642857142857140e-03
4.4052863436123352e-03
4.9019607843137254e-03
1.0000000000000000e+00
7.6923076923076927e-02
4.3478260869565216e-02
4.4247787610619468e-03
1.1111111111111110e-01
5.2910052910052907e-03
4.5871559633027525e-03
4.4052863436123352e-03
4.5454545454545452e-03
4.5662100456621002e-03
4.7169811320754715e-03
4.5662100456621002e-03
7.1428571428571425e-02
1.0000000000000000e+00
3.1250000000000000e-02
4.4843049327354259e-03
5.8823529411764705e-03
4.4052863436123352e-03
3.3333333333333331e-01
3.5714285714285712e-02
4.3478260869565216e-02
5.2356020942408380e-03
4.8780487804878049e-03
3.3333333333333331e-01
4.5662100456621002e-03
4.9261083743842365e-03
5.0000000000000000e-01
4.4843049327354259e-03
1.2500000000000000e-01
4.3859649122807015e-03
4.6082949308755760e-03
6.2500000000000000e-02
4.4444444444444444e-03
5.4054054054054057e-03
4.4444444444444444e-03
1.0000000000000001e-01
4.4444444444444444e-03
5.4054054054054057e-03
4.4444444444444444e-03
4.5045045045045045e-03
3.5714285714285712e-02
4.3290043290043290e-03
4.5871559633027525e-03
3.3333333333333331e-01
4.5248868778280547e-03
5.2356020942408380e-03
3.3333333333333331e-01
4.3859649122807015e-03
1.1111111111111110e-01
1.0000000000000000e+00
4.3859649122807015e-03
4.4642857142857140e-03
5.2356020942408380e-03
1.6666666666666666e-01
4.5454545454545452e-03
4.7619047619047623e-03
4.6082949308755760e-03
1.1111111111111110e-01
5.3475935828877002e-03
4.5248868778280547e-03
1.0000000000000001e-01
1.4285714285714285e-01
1.6666666666666666e-01
5.5555555555555552e-02
4.4247787610619468e-03
4.5248868778280547e-03
1.0000000000000000e+00
4.4843049327354259e-03
7.1428571428571425e-02
5.0000000000000003e-02
2.0000000000000001e-01
4.4247787610619468e-03
4.9751243781094526e-03
5.2356020942408380e-03
5.2356020942408380e-03
4.4052863436123352e-03
1.0000000000000001e-01
5.0000000000000000e-01
2.5000000000000000e-01
3.5714285714285712e-02
4.4843049327354259e-03
4.3478260869565216e-02
4.6728971962616819e-03
4.4052863436123352e-03
1.0000000000000001e-01
4.3478260869565218e-03
2.9411764705882353e-02
5.2356020942408380e-03
5.0000000000000001e-03
4.6296296296296294e-03
4.5662100456621002e-03
1.1111111111111110e-01
1.0000000000000000e+00
4.4843049327354259e-03
5.4945054945054949e-03
4.1666666666666664e-02
5.2083333333333330e-03
4.5045045045045045e-03
1.0000000000000000e+00
4.9751243781094526e-03
2.5000000000000000e-01
4.8309178743961350e-03
7.6923076923076927e-02
1.6666666666666666e-01
8.3333333333333332e-03
4.6296296296296294e-03
5.5248618784530384e-03
1.0000000000000000e+00
4.5454545454545452e-03
1.1111111111111110e-01
1.6666666666666666e-01
1.0000000000000001e-01
5.2356020942408380e-03
5.2910052910052907e-03
4.8076923076923080e-03
5.2356020942408380e-03
1.0000000000000000e+00
1.6666666666666666e-01
4.5248868778280547e-03
3.3333333333333331e-01
1.0000000000000001e-01
5.0000000000000000e-01
3.3333333333333333e-02
4.3478260869565216e-02
1.0000000000000000e+00
1.0000000000000001e-01
5.0000000000000001e-03
4.7619047619047623e-03
5.0000000000000000e-01
5.8823529411764705e-02
6.6666666666666666e-02
8.0000000000000002e-03
4.7619047619047623e-03
4.9751243781094526e-03
7.1428571428571425e-02
1.0000000000000000e+00
7.1428571428571425e-02
1.6666666666666666e-01
5.0000000000000000e-01
5.8823529411764705e-02
4.8076923076923080e-03
6.2500000000000000e-02
7.6923076923076927e-02
1.4285714285714285e-01
2.5000000000000000e-01
1.2500000000000000e-01
4.5454545454545452e-03
2.0000000000000001e-01
1.0000000000000000e+00
1.0000000000000000e+00
2.0000000000000001e-01
5.2083333333333330e-03
6.2500000000000000e-02
7.1428571428571425e-02
6.6666666666666666e-02
5.0000000000000003e-02
4.4642857142857140e-03
1.0000000000000000e+00
1.0000000000000000e+00
5.8823529411764705e-02
5.5555555555555552e-02
3.3333333333333331e-01
1.0000000000000000e+00
2.5000000000000000e-01
7.8125000000000000e-03
1.1111111111111110e-01
1.6666666666666666e-01
1.2500000000000000e-01
1.2500000000000000e-01
3.3333333333333331e-01
5.0000000000000000e-01
1.6666666666666666e-01
4.5871559633027525e-03
1.0000000000000000e+00
5.0000000000000001e-03
1.6666666666666666e-01
8.3333333333333332e-03
1.0000000000000000e+00
2.5000000000000000e-01
1.0000000000000000e+00
5.5555555555555552e-02
5.0000000000000000e-01
1.0000000000000001e-01
5.0000000000000000e-01
1.4285714285714285e-01
1.0000000000000000e+00
5.0000000000000003e-02
6.2500000000000000e-02
1.5873015873015872e-02
1.0000000000000000e+00
5.0000000000000000e-01
1.0000000000000000e+00
4.4247787610619468e-03
1.4285714285714285e-01
5.0000000000000000e-01
5.2631578947368418e-02
5.0000000000000000e-01
3.3333333333333331e-01
1.1111111111111110e-01
1.1111111111111110e-01
3.3333333333333331e-01
5.0000000000000000e-01
7.1428571428571425e-02
5.1020408163265302e-03
1.0000000000000001e-01
1.2500000000000000e-01
5.4945054945054949e-03
3.3333333333333331e-01
1.0000000000000000e+00
1.0000000000000000e+00
1.1111111111111110e-01
1.2500000000000000e-01
5.0000000000000000e-01
3.3333333333333331e-01
1.6666666666666666e-01
1.0000000000000000e+00
1.6666666666666666e-01
1.2500000000000000e-01
1.0000000000000001e-01
8.3333333333333329e-02
6.6666666666666666e-02
2.5000000000000000e-01
8.3333333333333329e-02
7.1428571428571425e-02
8.3333333333333329e-02
5.0000000000000000e-01
2.5000000000000000e-01
7.1428571428571425e-02
3.3333333333333331e-01
1.6666666666666666e-01
1.4285714285714285e-01
1.2500000000000000e-01
8.3333333333333329e-02
2.0000000000000001e-01
1.0000000000000000e+00
8.0000000000000002e-03
3.3333333333333331e-01
5.0000000000000000e-01
1.6666666666666666e-01
1.0000000000000000e+00
5.0000000000000000e-01
1.0000000000000000e+00
5.0000000000000000e-01
3.3333333333333331e-01
1.6666666666666666e-01
1.1111111111111110e-01
6.2500000000000000e-02
7.1428571428571425e-02
5.0000000000000000e-01
2.5000000000000000e-01
7.7519379844961239e-03
5.5555555555555552e-02
6.6666666666666666e-02
2.0000000000000001e-01
7.6923076923076927e-02
3.3333333333333331e-01
5.0000000000000000e-01
1.6666666666666666e-01
5.0000000000000000e-01
7.4074074074074077e-03
1.0000000000000000e+00
1.4285714285714285e-01
5.5555555555555558e-03
1.0000000000000000e+00
7.6923076923076927e-02
2.0000000000000001e-01
2.5000000000000000e-01
8.6206896551724137e-03
3.3333333333333331e-01
5.0000000000000000e-01
1.0000000000000000e+00
6.9444444444444441e-03
5.0000000000000000e-01
1.0000000000000000e+00
1.0000000000000000e+00
5.0000000000000000e-01
1.0000000000000000e+00
5.0000000000000000e-01
5.0000000000000000e-01
7.6923076923076927e-02
1.0000000000000000e+00
1.0000000000000000e+00
5.8139534883720929e-03
1.0000000000000000e+00
3.3333333333333331e-01
1.0000000000000000e+00
1.0000000000000000e+00
2.0000000000000001e-01
6.2500000000000000e-02
1.0000000000000000e+00
7.6923076923076927e-02
2.5000000000000000e-01
1.1111111111111110e-01
6.9444444444444441e-03
2.0000000000000001e-01
1.0000000000000000e+00
7.6923076923076927e-02
8.6206896551724137e-03
1.0000000000000000e+00
5.0000000000000000e-01
1.0000000000000000e+00
5.0000000000000000e-01
2.0000000000000001e-01
1.0000000000000000e+00
1.0000000000000000e+00
1.0000000000000000e+00
5.8823529411764705e-03
7.2992700729927005e-03
5.0000000000000000e-01
1.0000000000000000e+00
5.0000000000000000e-01
1.0000000000000000e+00
5.0000000000000000e-01
1.0000000000000000e+00
1.2500000000000000e-01
1.0000000000000001e-01
3.3333333333333333e-02
1.0000000000000000e+00
3.2258064516129031e-02
3.2258064516129031e-02
3.3333333333333331e-01
3.3333333333333333e-02
3.2258064516129031e-02
1.0000000000000000e+00
3.3333333333333333e-02
1.1111111111111110e-01
3.3333333333333333e-02
5.0000000000000000e-01
3.3333333333333333e-02
3.2258064516129031e-02
3.2258064516129031e-02
3.2258064516129031e-02
3.2258064516129031e-02
3.3333333333333331e-01
3.2258064516129031e-02
1.0000000000000000e+00
3.3333333333333333e-02
3.2258064516129031e-02
3.3333333333333331e-01
1.2500000000000000e-01
1.0000000000000000e+00
1.0000000000000000e+00
6.6666666666666666e-02
1.0000000000000000e+00
3.3333333333333333e-02
1.0638297872340425e-02
1.0000000000000000e+00
1.0000000000000000e+00
2.7027027027027029e-02
5.0000000000000000e-01
3.2258064516129031e-02
1.2500000000000000e-01
4.4642857142857140e-03
3.2258064516129031e-02
3.2258064516129031e-02
3.3333333333333333e-02
3.2258064516129031e-02
3.2258064516129031e-02
3.2258064516129031e-02
6.6666666666666666e-02
1.8867924528301886e-02
3.2258064516129031e-02
3.2258064516129031e-02
3.2258064516129031e-02
3.3333333333333331e-01
3.3333333333333331e-01
3.2258064516129031e-02
3.3333333333333331e-01
3.2258064516129031e-02
5.5555555555555552e-02
2.5000000000000000e-01
5.0000000000000000e-01
3.3333333333333331e-01
3.2258064516129031e-02
3.3333333333333331e-01
1.0000000000000000e+00
1.0000000000000000e+00
3.7037037037037035e-02
1.0000000000000000e+00
5.0000000000000000e-01
5.8823529411764705e-02
1.0000000000000001e-01
5.0000000000000000e-01
1.0000000000000000e+00
2.5000000000000000e-01
1.0000000000000000e+00
5.0000000000000000e-01
1.0000000000000000e+00
5.0000000000000000e-01
2.0000000000000001e-01
3.3333333333333331e-01
1.0000000000000000e+00
3.3333333333333331e-01
1.0000000000000000e+00
1.0000000000000000e+00
3.2258064516129031e-02
3.3333333333333331e-01
5.2631578947368418e-02
1.0000000000000000e+00
1.0000000000000000e+00
1.0000000000000000e+00
1.0000000000000000e+00
1.0000000000000000e+00
1.0000000000000000e+00
1.2500000000000000e-01
1.1111111111111110e-01
1.2500000000000000e-01
1.0000000000000000e+00
5.0000000000000000e-01
1.2500000000000000e-01
1.0000000000000001e-01
2.5000000000000000e-01
1.4285714285714285e-01
5.5555555555555552e-02
1.2500000000000000e-01
1.0000000000000000e+00
1.0000000000000000e+00
5.0000000000000000e-01
5.8823529411764705e-02
5.5555555555555552e-02
6.2500000000000000e-02
5.2631578947368418e-02
5.2631578947368418e-02
5.5555555555555552e-02
5.2631578947368418e-02
5.2631578947368418e-02
5.5555555555555552e-02
5.2631578947368418e-02
5.2631578947368418e-02
5.5555555555555552e-02
1.4285714285714285e-01
5.5555555555555552e-02
5.2631578947368418e-02
5.0000000000000000e-01
2.5000000000000000e-01
5.2631578947368418e-02
