1.3368983957219251e-03
1.1337868480725624e-03
1.1337868480725624e-03
1.1337868480725624e-03
1.1337868480725624e-03
1.1337868480725624e-03
1.1337868480725624e-03
1.1428571428571429e-03
1.1428571428571429e-03
1.0000000000000000e+00
1.0000000000000000e+00
1.2500000000000000e-01
1.0000000000000000e+00
1.0000000000000000e+00
1.0000000000000000e+00
1.0000000000000001e-01
1.0000000000000000e+00
1.0000000000000000e+00
1.0706638115631692e-03
8.4175084175084171e-04
1.0706638115631692e-03
8.4175084175084171e-04
7.1994240460763136e-04
7.8247261345852897e-04
8.5836909871244631e-04
7.1994240460763136e-04
7.8247261345852897e-04
9.2421441774491681e-04
8.5836909871244631e-04
7.2358900144717795e-04
7.2358900144717795e-04
7.2358900144717795e-04
7.2358900144717795e-04
7.2358900144717795e-04
7.7639751552795026e-04
7.9302141157811261e-04
7.2358900144717795e-04
1.0482180293501049e-03
9.2421441774491681e-04
9.2421441774491681e-04
9.2421441774491681e-04
8.4175084175084171e-04
9.2421441774491681e-04
9.2421441774491681e-04
8.4175084175084171e-04
8.4175084175084171e-04
9.2421441774491681e-04
8.7796312554872696e-04
8.4175084175084171e-04
8.4175084175084171e-04
6.0864272671941571e-04
8.7796312554872696e-04
9.2421441774491681e-04
8.4175084175084171e-04
7.7700077700077700e-04
8.4175084175084171e-04
7.7700077700077700e-04
7.7700077700077700e-04
7.7700077700077700e-04
8.4175084175084171e-04
8.4175084175084171e-04
7.7700077700077700e-04
8.4033613445378156e-04
8.4175084175084171e-04
8.4175084175084171e-04
8.4175084175084171e-04
8.4175084175084171e-04
8.4175084175084171e-04
7.7700077700077700e-04
8.4175084175084171e-04
7.7700077700077700e-04
8.4175084175084171e-04
7.7700077700077700e-04
7.7700077700077700e-04
8.4175084175084171e-04
7.7700077700077700e-04
8.4175084175084171e-04
9.2421441774491681e-04
8.4104289318755253e-04
8.4175084175084171e-04
1.3368983957219251e-03
8.4175084175084171e-04
8.4175084175084171e-04
8.4175084175084171e-04
8.4175084175084171e-04
8.4175084175084171e-04
8.4104289318755253e-04
7.7700077700077700e-04
8.4104289318755253e-04
7.7700077700077700e-04
8.4175084175084171e-04
8.4104289318755253e-04
8.4175084175084171e-04
8.4104289318755253e-04
8.4175084175084171e-04
7.7700077700077700e-04
8.4175084175084171e-04
8.4104289318755253e-04
8.4175084175084171e-04
8.4175084175084171e-04
8.7796312554872696e-04
8.4175084175084171e-04
8.4104289318755253e-04
8.4175084175084171e-04
8.4175084175084171e-04
8.4175084175084171e-04
1.0626992561105207e-03
8.4175084175084171e-04
1.0626992561105207e-03
8.4175084175084171e-04
8.4104289318755253e-04
8.4104289318755253e-04
8.4175084175084171e-04
8.4033613445378156e-04
8.4175084175084171e-04
8.4104289318755253e-04
8.4104289318755253e-04
1.0626992561105207e-03
1.0626992561105207e-03
8.4104289318755253e-04
8.4104289318755253e-04
8.4104289318755253e-04
8.4104289318755253e-04
8.4104289318755253e-04
8.4104289318755253e-04
8.4104289318755253e-04
8.4175084175084171e-04
9.3632958801498128e-04
8.4175084175084171e-04
8.4104289318755253e-04
8.4104289318755253e-04
8.4104289318755253e-04
8.4104289318755253e-04
8.4104289318755253e-04
8.4104289318755253e-04
8.4175084175084171e-04
8.4104289318755253e-04
8.4104289318755253e-04
8.4175084175084171e-04
8.4104289318755253e-04
8.4175084175084171e-04
8.4104289318755253e-04
8.4104289318755253e-04
8.4175084175084171e-04
8.4104289318755253e-04
8.4104289318755253e-04
8.4175084175084171e-04
8.4104289318755253e-04
8.4104289318755253e-04
9.3632958801498128e-04
7.5930144267274111e-04
7.5930144267274111e-04
8.4104289318755253e-04
7.5930144267274111e-04
9.3632958801498128e-04
8.4104289318755253e-04
1.0482180293501049e-03
8.4104289318755253e-04
8.4104289318755253e-04
7.7700077700077700e-04
8.4175084175084171e-04
8.4104289318755253e-04
8.4175084175084171e-04
8.4104289318755253e-04
8.4175084175084171e-04
8.4175084175084171e-04
8.4175084175084171e-04
7.7700077700077700e-04
7.7700077700077700e-04
7.7700077700077700e-04
7.7700077700077700e-04
1.0626992561105207e-03
8.4745762711864404e-04
7.7700077700077700e-04
8.5836909871244631e-04
1.0626992561105207e-03
8.5836909871244631e-04
7.5930144267274111e-04
7.8247261345852897e-04
8.4104289318755253e-04
1.0626992561105207e-03
7.8247261345852897e-04
7.5930144267274111e-04
8.4745762711864404e-04
7.8247261345852897e-04
1.0626992561105207e-03
8.4175084175084171e-04
7.5930144267274111e-04
7.5930144267274111e-04
8.5836909871244631e-04
7.8247261345852897e-04
8.4175084175084171e-04
7.8247261345852897e-04
1.0626992561105207e-03
1.0626992561105207e-03
8.4175084175084171e-04
8.4175084175084171e-04
7.5930144267274111e-04
9.1827364554637281e-04
7.8247261345852897e-04
8.4175084175084171e-04
7.5930144267274111e-04
1.0626992561105207e-03
8.4175084175084171e-04
1.0626992561105207e-03
8.4175084175084171e-04
8.4175084175084171e-04
7.5930144267274111e-04
8.4104289318755253e-04
1.0626992561105207e-03
8.4175084175084171e-04
8.4175084175084171e-04
1.0626992561105207e-03
8.4175084175084171e-04
8.4175084175084171e-04
8.4104289318755253e-04
8.4175084175084171e-04
8.4175084175084171e-04
8.4175084175084171e-04
8.4175084175084171e-04
8.4175084175084171e-04
8.4175084175084171e-04
6.2893081761006286e-04
8.5836909871244631e-04
8.4104289318755253e-04
9.3720712277413310e-04
8.4175084175084171e-04
8.4175084175084171e-04
8.4175084175084171e-04
8.4175084175084171e-04
8.5836909871244631e-04
8.5836909871244631e-04
8.5836909871244631e-04
8.4175084175084171e-04
8.4175084175084171e-04
6.7934782608695650e-04
8.5836909871244631e-04
8.5836909871244631e-04
8.5836909871244631e-04
8.5836909871244631e-04
8.5836909871244631e-04
8.5836909871244631e-04
7.6277650648360034e-04
8.5836909871244631e-04
8.5836909871244631e-04
8.5836909871244631e-04
8.4175084175084171e-04
8.5836909871244631e-04
8.5836909871244631e-04
8.5836909871244631e-04
8.5836909871244631e-04
8.5836909871244631e-04
8.5836909871244631e-04
8.5836909871244631e-04
8.5836909871244631e-04
8.5836909871244631e-04
8.5836909871244631e-04
8.5836909871244631e-04
8.5836909871244631e-04
8.5836909871244631e-04
8.5836909871244631e-04
8.5836909871244631e-04
8.5836909871244631e-04
8.5836909871244631e-04
7.6277650648360034e-04
8.5836909871244631e-04
8.4175084175084171e-04
9.1324200913242006e-04
8.5836909871244631e-04
8.4175084175084171e-04
8.5836909871244631e-04
8.4175084175084171e-04
8.4175084175084171e-04
8.4175084175084171e-04
8.4175084175084171e-04
8.4175084175084171e-04
8.5836909871244631e-04
8.5836909871244631e-04
1.5873015873015873e-03
8.5836909871244631e-04
9.1827364554637281e-04
7.6277650648360034e-04
8.5836909871244631e-04
9.1827364554637281e-04
7.1684587813620072e-04
9.1827364554637281e-04
9.1827364554637281e-04
8.4175084175084171e-04
9.1827364554637281e-04
9.2421441774491681e-04
9.1827364554637281e-04
9.2421441774491681e-04
1.0626992561105207e-03
8.5397096498719043e-04
8.5397096498719043e-04
8.5397096498719043e-04
9.2421441774491681e-04
1.0626992561105207e-03
8.5397096498719043e-04
8.5397096498719043e-04
1.0626992561105207e-03
7.6277650648360034e-04
9.2421441774491681e-04
1.0626992561105207e-03
7.6277650648360034e-04
9.2421441774491681e-04
7.6277650648360034e-04
1.0626992561105207e-03
9.2421441774491681e-04
9.2421441774491681e-04
7.6277650648360034e-04
8.6805555555555551e-04
9.2421441774491681e-04
8.6805555555555551e-04
1.0626992561105207e-03
8.6805555555555551e-04
8.5397096498719043e-04
1.0626992561105207e-03
9.2421441774491681e-04
7.6277650648360034e-04
9.2421441774491681e-04
8.6805555555555551e-04
9.2421441774491681e-04
1.0626992561105207e-03
8.6805555555555551e-04
8.6805555555555551e-04
9.2421441774491681e-04
8.6805555555555551e-04
7.6277650648360034e-04
9.2421441774491681e-04
9.2421441774491681e-04
1.0626992561105207e-03
9.2421441774491681e-04
7.6277650648360034e-04
9.2421441774491681e-04
7.6277650648360034e-04
1.0626992561105207e-03
9.2421441774491681e-04
7.6277650648360034e-04
1.0626992561105207e-03
9.2421441774491681e-04
7.6277650648360034e-04
9.2421441774491681e-04
1.0626992561105207e-03
1.0626992561105207e-03
7.6277650648360034e-04
7.6277650648360034e-04
7.6277650648360034e-04
1.0626992561105207e-03
9.2421441774491681e-04
9.2421441774491681e-04
9.2421441774491681e-04
7.6277650648360034e-04
9.2421441774491681e-04
7.6277650648360034e-04
7.6277650648360034e-04
7.6277650648360034e-04
7.6277650648360034e-04
9.2421441774491681e-04
7.6277650648360034e-04
9.2421441774491681e-04
8.3892617449664428e-04
9.2421441774491681e-04
7.6277650648360034e-04
7.6277650648360034e-04
7.6277650648360034e-04
9.2421441774491681e-04
9.2421441774491681e-04
9.2421441774491681e-04
8.5397096498719043e-04
7.6277650648360034e-04
7.6277650648360034e-04
7.6277650648360034e-04
7.6277650648360034e-04
7.6277650648360034e-04
7.6277650648360034e-04
9.2421441774491681e-04
8.3892617449664428e-04
9.2421441774491681e-04
8.1699346405228761e-04
7.6277650648360034e-04
7.1684587813620072e-04
7.6277650648360034e-04
7.6277650648360034e-04
8.3892617449664428e-04
7.6277650648360034e-04
1.1862396204033216e-03
1.0626992561105207e-03
1.0626992561105207e-03
1.0626992561105207e-03
1.0626992561105207e-03
1.0626992561105207e-03
1.0626992561105207e-03
1.0626992561105207e-03
1.0626992561105207e-03
1.0626992561105207e-03
1.0626992561105207e-03
1.0626992561105207e-03
6.0864272671941571e-04
9.2506938020351531e-04
9.2506938020351531e-04
6.5189048239895696e-04
1.0449320794148381e-03
1.0559662090813093e-03
9.2506938020351531e-04
1.0683760683760685e-03
9.2506938020351531e-04
9.2506938020351531e-04
9.2506938020351531e-04
9.2506938020351531e-04
9.9601593625498006e-04
9.2506938020351531e-04
1.0449320794148381e-03
1.0683760683760685e-03
9.2506938020351531e-04
9.2506938020351531e-04
9.2506938020351531e-04
8.4175084175084171e-04
9.2506938020351531e-04
1.0373443983402490e-03
8.1699346405228761e-04
1.2048192771084338e-03
1.0373443983402490e-03
1.0626992561105207e-03
8.4175084175084171e-04
1.0626992561105207e-03
1.0626992561105207e-03
1.0373443983402490e-03
6.1387354205033758e-04
7.7700077700077700e-04
8.4175084175084171e-04
7.0621468926553672e-04
8.6430423509075197e-04
8.4175084175084171e-04
7.4019245003700959e-04
8.4175084175084171e-04
8.4175084175084171e-04
1.0373443983402490e-03
8.4175084175084171e-04
8.4175084175084171e-04
1.0373443983402490e-03
1.3210039630118890e-03
1.0373443983402490e-03
6.0864272671941571e-04
7.1479628305932811e-04
1.0373443983402490e-03
1.0373443983402490e-03
8.4175084175084171e-04
1.0373443983402490e-03
1.0373443983402490e-03
1.0373443983402490e-03
8.4175084175084171e-04
1.0373443983402490e-03
1.0373443983402490e-03
1.0449320794148381e-03
1.0373443983402490e-03
8.4175084175084171e-04
8.4175084175084171e-04
1.3210039630118890e-03
8.4175084175084171e-04
8.4175084175084171e-04
1.0373443983402490e-03
7.1479628305932811e-04
8.4175084175084171e-04
6.2150403977625850e-04
8.4175084175084171e-04
7.1479628305932811e-04
7.6277650648360034e-04
7.1479628305932811e-04
8.4175084175084171e-04
8.4175084175084171e-04
6.0864272671941571e-04
7.6277650648360034e-04
8.4175084175084171e-04
6.1199510403916763e-04
7.1479628305932811e-04
1.3210039630118890e-03
8.4175084175084171e-04
8.4175084175084171e-04
8.4175084175084171e-04
1.3210039630118890e-03
8.4175084175084171e-04
1.3210039630118890e-03
8.4175084175084171e-04
8.4175084175084171e-04
8.4175084175084171e-04
7.6277650648360034e-04
1.0626992561105207e-03
6.1199510403916763e-04
1.3210039630118890e-03
9.7560975609756097e-04
1.2048192771084338e-03
1.3210039630118890e-03
6.1199510403916763e-04
9.0661831368993653e-04
9.5785440613026815e-04
1.3210039630118890e-03
6.2893081761006286e-04
6.2893081761006286e-04
1.0615711252653928e-03
1.0615711252653928e-03
7.6277650648360034e-04
7.6277650648360034e-04
6.0864272671941571e-04
1.0615711252653928e-03
9.3720712277413310e-04
6.0864272671941571e-04
6.1349693251533746e-04
7.6277650648360034e-04
1.0615711252653928e-03
8.8261253309797002e-04
1.0615711252653928e-03
1.0615711252653928e-03
7.3746312684365781e-04
1.0615711252653928e-03
6.1124694376528117e-04
6.2893081761006286e-04
1.0615711252653928e-03
7.7942322681215901e-04
1.0615711252653928e-03
6.0864272671941571e-04
1.0615711252653928e-03
6.2893081761006286e-04
6.2893081761006286e-04
1.0940919037199124e-03
1.0615711252653928e-03
6.0864272671941571e-04
1.0615711252653928e-03
1.0775862068965517e-03
6.0864272671941571e-04
9.6339113680154141e-04
1.0615711252653928e-03
1.0822510822510823e-03
7.1633237822349568e-04
8.0580177276390005e-04
6.0864272671941571e-04
7.3367571533382249e-04
1.2048192771084338e-03
7.3367571533382249e-04
6.1124694376528117e-04
1.0822510822510823e-03
6.1124694376528117e-04
7.7942322681215901e-04
9.4786729857819908e-04
7.3367571533382249e-04
6.2460961898813238e-04
8.6058519793459555e-04
7.3367571533382249e-04
6.7934782608695650e-04
6.7934782608695650e-04
7.3367571533382249e-04
6.6666666666666664e-04
6.8073519400953025e-04
7.3367571533382249e-04
7.3367571533382249e-04
7.3367571533382249e-04
1.3966480446927375e-03
7.3367571533382249e-04
6.1462814996926854e-04
6.4935064935064935e-04
6.1462814996926854e-04
6.1462814996926854e-04
6.1087354917532073e-04
6.1462814996926854e-04
7.1633237822349568e-04
7.1633237822349568e-04
7.1633237822349568e-04
6.1462814996926854e-04
7.1633237822349568e-04
6.7934782608695650e-04
7.1633237822349568e-04
6.1462814996926854e-04
6.1462814996926854e-04
6.7934782608695650e-04
6.1462814996926854e-04
9.0661831368993653e-04
6.1462814996926854e-04
6.1462814996926854e-04
6.7934782608695650e-04
6.1462814996926854e-04
6.1462814996926854e-04
6.7934782608695650e-04
6.7934782608695650e-04
6.7934782608695650e-04
8.1699346405228761e-04
6.7934782608695650e-04
8.1037277147487841e-04
6.8212824010914052e-04
1.0245901639344263e-03
1.2180267965895249e-03
6.1690314620604567e-04
1.0626992561105207e-03
1.0604453870625664e-03
1.0626992561105207e-03
1.0626992561105207e-03
7.3800738007380072e-04
1.0626992561105207e-03
1.0626992561105207e-03
9.1827364554637281e-04
7.1581961345740870e-04
6.1162079510703360e-04
1.0626992561105207e-03
9.1827364554637281e-04
1.0615711252653928e-03
1.1933174224343676e-03
1.0615711252653928e-03
9.1827364554637281e-04
1.0626992561105207e-03
1.0626992561105207e-03
1.0615711252653928e-03
1.0615711252653928e-03
1.0615711252653928e-03
1.0626992561105207e-03
1.0615711252653928e-03
1.0626992561105207e-03
9.1827364554637281e-04
1.0626992561105207e-03
1.0615711252653928e-03
1.0626992561105207e-03
1.0615711252653928e-03
9.1827364554637281e-04
1.0615711252653928e-03
1.0626992561105207e-03
1.0626992561105207e-03
9.1827364554637281e-04
1.0626992561105207e-03
1.0626992561105207e-03
1.0626992561105207e-03
1.0683760683760685e-03
1.0626992561105207e-03
7.3800738007380072e-04
7.9936051159072740e-04
1.0615711252653928e-03
9.4786729857819908e-04
1.0615711252653928e-03
6.1996280223186606e-04
7.9936051159072740e-04
1.0615711252653928e-03
1.0615711252653928e-03
1.0615711252653928e-03
1.1111111111111111e-03
1.0615711252653928e-03
1.0615711252653928e-03
8.9525514771709937e-04
9.5785440613026815e-04
8.0840743734842356e-04
8.1699346405228761e-04
1.0615711252653928e-03
1.0615711252653928e-03
1.0615711252653928e-03
7.9936051159072740e-04
6.2073246430788330e-04
6.1124694376528117e-04
1.1890606420927466e-03
1.0615711252653928e-03
1.0615711252653928e-03
7.3800738007380072e-04
1.0615711252653928e-03
1.0615711252653928e-03
1.0615711252653928e-03
1.0615711252653928e-03
1.0615711252653928e-03
1.0615711252653928e-03
6.5231572080887146e-04
1.0615711252653928e-03
1.0615711252653928e-03
1.0615711252653928e-03
1.0615711252653928e-03
1.0615711252653928e-03
1.0615711252653928e-03
1.0615711252653928e-03
1.0090817356205853e-03
1.0615711252653928e-03
1.2484394506866417e-03
8.1699346405228761e-04
7.7942322681215901e-04
1.0559662090813093e-03
6.5231572080887146e-04
7.9808459696727857e-04
7.9808459696727857e-04
6.5189048239895696e-04
1.2484394506866417e-03
1.2484394506866417e-03
7.3800738007380072e-04
1.2484394506866417e-03
1.2484394506866417e-03
7.3800738007380072e-04
7.3800738007380072e-04
9.5785440613026815e-04
6.5189048239895696e-04
1.0615711252653928e-03
6.5189048239895696e-04
6.1387354205033758e-04
6.5189048239895696e-04
6.5189048239895696e-04
7.3800738007380072e-04
7.9808459696727857e-04
6.5189048239895696e-04
6.5189048239895696e-04
1.0615711252653928e-03
6.1387354205033758e-04
1.2484394506866417e-03
1.2484394506866417e-03
7.3800738007380072e-04
6.1387354205033758e-04
6.5189048239895696e-04
1.0615711252653928e-03
9.5785440613026815e-04
7.3800738007380072e-04
6.1387354205033758e-04
6.1387354205033758e-04
5.0000000000000000e-01
5.0000000000000000e-01
7.9808459696727857e-04
8.0840743734842356e-04
7.9936051159072740e-04
7.3800738007380072e-04
6.1387354205033758e-04
8.0840743734842356e-04
6.1387354205033758e-04
8.0840743734842356e-04
6.1996280223186606e-04
1.0615711252653928e-03
1.0615711252653928e-03
9.5693779904306223e-04
6.1387354205033758e-04
9.5785440613026815e-04
6.1996280223186606e-04
6.5189048239895696e-04
6.1387354205033758e-04
7.3800738007380072e-04
9.5785440613026815e-04
1.0615711252653928e-03
9.5785440613026815e-04
9.5785440613026815e-04
1.0615711252653928e-03
1.0615711252653928e-03
6.1387354205033758e-04
6.2073246430788330e-04
1.0615711252653928e-03
6.1387354205033758e-04
7.3800738007380072e-04
1.0615711252653928e-03
1.0615711252653928e-03
9.5785440613026815e-04
9.5785440613026815e-04
6.1387354205033758e-04
1.0615711252653928e-03
6.6137566137566134e-04
9.5785440613026815e-04
8.1699346405228761e-04
7.3800738007380072e-04
6.5189048239895696e-04
1.0615711252653928e-03
6.1387354205033758e-04
1.1600928074245939e-03
7.3800738007380072e-04
6.1387354205033758e-04
1.0615711252653928e-03
9.5785440613026815e-04
7.3800738007380072e-04
1.0615711252653928e-03
7.3800738007380072e-04
1.0615711252653928e-03
7.3800738007380072e-04
7.9808459696727857e-04
9.5785440613026815e-04
6.5189048239895696e-04
1.1600928074245939e-03
6.1957868649318464e-04
1.0964912280701754e-03
7.3800738007380072e-04
7.2886297376093293e-04
1.0615711252653928e-03
6.1957868649318464e-04
7.2886297376093293e-04
9.5785440613026815e-04
7.3800738007380072e-04
1.1600928074245939e-03
1.1600928074245939e-03
6.5189048239895696e-04
1.1600928074245939e-03
7.3800738007380072e-04
6.5189048239895696e-04
6.1957868649318464e-04
6.5189048239895696e-04
1.0615711252653928e-03
7.3800738007380072e-04
1.1600928074245939e-03
1.1600928074245939e-03
7.3800738007380072e-04
1.1600928074245939e-03
1.1600928074245939e-03
1.1600928074245939e-03
6.1957868649318464e-04
6.5189048239895696e-04
6.5189048239895696e-04
6.5189048239895696e-04
7.2886297376093293e-04
7.2886297376093293e-04
1.1600928074245939e-03
7.3800738007380072e-04
9.5785440613026815e-04
6.5189048239895696e-04
1.1600928074245939e-03
1.0615711252653928e-03
7.2886297376093293e-04
9.5785440613026815e-04
7.2886297376093293e-04
1.1600928074245939e-03
1.0964912280701754e-03
6.1957868649318464e-04
9.5785440613026815e-04
9.5785440613026815e-04
9.5785440613026815e-04
9.5785440613026815e-04
9.5785440613026815e-04
6.1957868649318464e-04
9.5785440613026815e-04
9.5785440613026815e-04
9.5785440613026815e-04
1.0615711252653928e-03
6.1957868649318464e-04
9.5785440613026815e-04
9.5785440613026815e-04
9.5785440613026815e-04
1.0964912280701754e-03
6.5231572080887146e-04
1.2048192771084338e-03
9.5693779904306223e-04
6.1957868649318464e-04
9.5785440613026815e-04
9.5785440613026815e-04
1.0660980810234541e-03
9.5785440613026815e-04
1.0964912280701754e-03
9.5785440613026815e-04
6.1957868649318464e-04
6.1957868649318464e-04
6.1957868649318464e-04
9.5693779904306223e-04
6.1957868649318464e-04
1.0964912280701754e-03
9.5785440613026815e-04
9.5693779904306223e-04
6.1957868649318464e-04
1.0729613733905579e-03
9.5785440613026815e-04
9.5785440613026815e-04
9.4786729857819908e-04
9.4786729857819908e-04
9.5785440613026815e-04
9.5785440613026815e-04
8.1699346405228761e-04
9.5785440613026815e-04
8.1699346405228761e-04
9.5785440613026815e-04
9.5785440613026815e-04
9.4786729857819908e-04
9.5785440613026815e-04
6.5146579804560263e-04
7.1275837491090524e-04
9.5785440613026815e-04
7.1275837491090524e-04
6.2578222778473093e-04
9.5785440613026815e-04
8.5763293310463120e-04
1.0964912280701754e-03
6.5146579804560263e-04
8.3822296730930428e-04
9.5785440613026815e-04
9.5785440613026815e-04
9.5785440613026815e-04
9.4786729857819908e-04
8.1699346405228761e-04
9.5785440613026815e-04
1.2484394506866417e-03
8.1699346405228761e-04
8.1699346405228761e-04
7.7942322681215901e-04
9.4786729857819908e-04
9.4786729857819908e-04
8.1699346405228761e-04
7.7942322681215901e-04
9.5693779904306223e-04
1.3831258644536654e-03
9.4786729857819908e-04
9.4786729857819908e-04
9.4786729857819908e-04
8.1699346405228761e-04
9.5693779904306223e-04
9.1491308325709062e-04
9.7943192948090111e-04
1.3831258644536654e-03
6.8073519400953025e-04
1.3831258644536654e-03
9.5693779904306223e-04
9.1491308325709062e-04
7.7942322681215901e-04
8.1699346405228761e-04
8.1699346405228761e-04
6.5146579804560263e-04
9.4786729857819908e-04
9.7943192948090111e-04
8.1699346405228761e-04
9.7943192948090111e-04
9.4786729857819908e-04
9.7943192948090111e-04
9.4786729857819908e-04
9.4786729857819908e-04
7.1275837491090524e-04
8.3822296730930428e-04
9.5693779904306223e-04
9.4786729857819908e-04
9.4786729857819908e-04
1.2048192771084338e-03
1.2048192771084338e-03
9.4786729857819908e-04
7.1275837491090524e-04
1.2048192771084338e-03
6.2578222778473093e-04
6.1957868649318464e-04
1.4005602240896359e-03
8.1699346405228761e-04
6.2578222778473093e-04
7.7942322681215901e-04
6.1957868649318464e-04
6.1957868649318464e-04
6.2578222778473093e-04
9.1491308325709062e-04
1.3831258644536654e-03
6.2578222778473093e-04
9.1491308325709062e-04
9.1491308325709062e-04
9.5693779904306223e-04
8.1699346405228761e-04
8.1699346405228761e-04
1.1933174224343676e-03
9.5693779904306223e-04
1.0660980810234541e-03
7.7942322681215901e-04
1.2048192771084338e-03
1.2048192771084338e-03
9.1491308325709062e-04
9.4786729857819908e-04
7.7942322681215901e-04
8.1699346405228761e-04
9.5693779904306223e-04
9.5693779904306223e-04
1.3831258644536654e-03
1.2048192771084338e-03
9.1491308325709062e-04
9.5693779904306223e-04
8.1699346405228761e-04
9.5693779904306223e-04
7.7942322681215901e-04
9.5693779904306223e-04
1.3831258644536654e-03
9.1491308325709062e-04
8.1699346405228761e-04
1.3831258644536654e-03
9.5693779904306223e-04
9.4786729857819908e-04
7.0671378091872788e-04
8.1699346405228761e-04
8.1699346405228761e-04
9.1491308325709062e-04
1.3831258644536654e-03
1.3831258644536654e-03
9.1491308325709062e-04
9.5693779904306223e-04
6.2578222778473093e-04
1.2048192771084338e-03
1.2048192771084338e-03
9.5693779904306223e-04
9.1491308325709062e-04
1.3831258644536654e-03
9.1491308325709062e-04
6.2578222778473093e-04
9.4786729857819908e-04
1.2048192771084338e-03
9.4786729857819908e-04
9.4786729857819908e-04
8.1699346405228761e-04
9.1491308325709062e-04
1.2048192771084338e-03
9.4786729857819908e-04
9.1491308325709062e-04
9.1491308325709062e-04
6.2735257214554575e-04
9.4786729857819908e-04
9.1491308325709062e-04
9.1491308325709062e-04
9.4786729857819908e-04
9.1491308325709062e-04
1.2048192771084338e-03
8.1699346405228761e-04
1.2048192771084338e-03
1.2048192771084338e-03
8.1699346405228761e-04
1.2048192771084338e-03
8.1699346405228761e-04
9.1491308325709062e-04
9.1491308325709062e-04
1.2048192771084338e-03
8.1699346405228761e-04
1.2048192771084338e-03
1.2048192771084338e-03
1.2048192771084338e-03
1.2048192771084338e-03
8.1699346405228761e-04
1.2048192771084338e-03
8.1699346405228761e-04
8.1699346405228761e-04
1.4164305949008499e-03
9.7751710654936461e-04
9.1491308325709062e-04
8.1699346405228761e-04
1.0660980810234541e-03
1.0660980810234541e-03
8.1699346405228761e-04
1.1933174224343676e-03
9.1491308325709062e-04
1.2048192771084338e-03
1.2048192771084338e-03
1.2048192771084338e-03
1.2048192771084338e-03
9.1491308325709062e-04
1.2048192771084338e-03
1.2048192771084338e-03
8.1699346405228761e-04
8.1699346405228761e-04
1.2048192771084338e-03
7.9872204472843447e-04
8.1699346405228761e-04
8.1699346405228761e-04
9.1491308325709062e-04
1.2048192771084338e-03
1.2048192771084338e-03
6.2578222778473093e-04
1.1494252873563218e-03
6.2578222778473093e-04
8.5763293310463120e-04
9.1491308325709062e-04
1.2048192771084338e-03
1.2048192771084338e-03
1.2048192771084338e-03
6.2578222778473093e-04
1.2048192771084338e-03
9.1491308325709062e-04
1.2048192771084338e-03
6.2578222778473093e-04
6.2578222778473093e-04
9.7751710654936461e-04
6.2578222778473093e-04
6.2578222778473093e-04
1.2048192771084338e-03
9.7751710654936461e-04
8.0000000000000002e-03
1.2048192771084338e-03
1.2048192771084338e-03
6.2578222778473093e-04
6.2578222778473093e-04
6.2578222778473093e-04
6.2578222778473093e-04
6.2578222778473093e-04
6.2578222778473093e-04
1.2048192771084338e-03
1.2391573729863693e-03
6.2578222778473093e-04
6.2578222778473093e-04
6.2578222778473093e-04
6.2578222778473093e-04
6.2578222778473093e-04
6.2578222778473093e-04
1.2048192771084338e-03
6.2578222778473093e-04
6.2578222778473093e-04
6.2578222778473093e-04
1.0660980810234541e-03
6.2578222778473093e-04
1.2048192771084338e-03
1.2048192771084338e-03
1.2048192771084338e-03
1.2048192771084338e-03
7.9872204472843447e-04
7.9872204472843447e-04
1.2048192771084338e-03
1.2048192771084338e-03
1.2048192771084338e-03
1.2048192771084338e-03
1.2048192771084338e-03
1.2048192771084338e-03
1.2048192771084338e-03
8.1699346405228761e-04
1.0660980810234541e-03
1.2048192771084338e-03
1.1428571428571429e-03
1.0660980810234541e-03
1.2048192771084338e-03
9.7751710654936461e-04
7.1123755334281653e-04
1.2048192771084338e-03
1.0660980810234541e-03
6.2578222778473093e-04
1.2048192771084338e-03
1.0660980810234541e-03
1.2048192771084338e-03
1.0660980810234541e-03
7.9872204472843447e-04
1.2048192771084338e-03
1.0660980810234541e-03
1.0660980810234541e-03
1.0660980810234541e-03
1.0660980810234541e-03
1.2048192771084338e-03
1.0660980810234541e-03
1.2048192771084338e-03
1.2048192771084338e-03
7.9872204472843447e-04
1.2048192771084338e-03
7.9872204472843447e-04
1.2738853503184713e-03
1.1337868480725624e-03
7.9872204472843447e-04
9.1491308325709062e-04
1.0660980810234541e-03
1.1428571428571429e-03
5.0000000000000000e-01
5.0000000000000000e-01
1.0660980810234541e-03
1.0660980810234541e-03
1.0660980810234541e-03
1.0660980810234541e-03
1.0660980810234541e-03
1.0660980810234541e-03
1.0660980810234541e-03
1.0660980810234541e-03
1.0660980810234541e-03
1.0660980810234541e-03
1.0660980810234541e-03
1.0660980810234541e-03
9.1491308325709062e-04
1.0660980810234541e-03
1.0660980810234541e-03
1.0660980810234541e-03
7.9872204472843447e-04
1.0660980810234541e-03
1.0660980810234541e-03
1.0660980810234541e-03
7.9872204472843447e-04
1.0660980810234541e-03
1.0660980810234541e-03
7.9872204472843447e-04
7.9872204472843447e-04
7.9872204472843447e-04
1.0660980810234541e-03
7.9872204472843447e-04
1.0660980810234541e-03
1.0660980810234541e-03
7.9872204472843447e-04
1.0660980810234541e-03
1.2738853503184713e-03
1.0660980810234541e-03
7.9872204472843447e-04
7.9872204472843447e-04
1.0660980810234541e-03
7.9872204472843447e-04
9.8328416912487715e-04
1.0660980810234541e-03
8.1699346405228761e-04
1.0660980810234541e-03
7.9872204472843447e-04
1.0660980810234541e-03
8.1699346405228761e-04
7.9872204472843447e-04
1.0660980810234541e-03
7.9872204472843447e-04
1.0660980810234541e-03
7.9872204472843447e-04
1.0660980810234541e-03
7.9872204472843447e-04
8.1699346405228761e-04
7.9872204472843447e-04
1.0660980810234541e-03
1.0660980810234541e-03
1.0660980810234541e-03
7.9872204472843447e-04
1.0660980810234541e-03
1.0660980810234541e-03
1.0660980810234541e-03
1.1428571428571429e-03
1.0660980810234541e-03
1.0660980810234541e-03
8.1699346405228761e-04
1.0660980810234541e-03
1.0660980810234541e-03
8.1699346405228761e-04
1.1428571428571429e-03
1.0660980810234541e-03
1.0660980810234541e-03
1.0660980810234541e-03
8.1699346405228761e-04
1.3089005235602095e-03
1.2376237623762376e-03
1.3089005235602095e-03
1.0660980810234541e-03
1.0660980810234541e-03
1.3089005235602095e-03
1.0660980810234541e-03
8.1699346405228761e-04
1.0660980810234541e-03
1.0660980810234541e-03
1.0660980810234541e-03
1.3089005235602095e-03
8.1699346405228761e-04
1.0660980810234541e-03
1.0660980810234541e-03
1.0660980810234541e-03
1.3089005235602095e-03
1.0660980810234541e-03
8.1699346405228761e-04
9.5419847328244271e-04
8.1699346405228761e-04
1.0660980810234541e-03
1.2180267965895249e-03
1.0660980810234541e-03
8.1699346405228761e-04
1.0660980810234541e-03
1.0660980810234541e-03
1.1428571428571429e-03
1.1494252873563218e-03
1.2180267965895249e-03
1.1428571428571429e-03
1.0660980810234541e-03
9.5419847328244271e-04
1.1428571428571429e-03
1.1428571428571429e-03
1.1428571428571429e-03
1.0660980810234541e-03
1.1428571428571429e-03
1.2180267965895249e-03
8.1699346405228761e-04
8.1699346405228761e-04
9.8328416912487715e-04
8.0000000000000002e-03
8.1699346405228761e-04
1.0660980810234541e-03
8.1900081900081905e-04
1.0660980810234541e-03
8.1699346405228761e-04
1.0660980810234541e-03
8.1699346405228761e-04
1.1933174224343676e-03
1.0660980810234541e-03
1.0660980810234541e-03
8.1699346405228761e-04
1.0660980810234541e-03
1.0660980810234541e-03
8.1300813008130090e-03
1.1933174224343676e-03
1.0660980810234541e-03
1.0660980810234541e-03
1.0660980810234541e-03
1.1337868480725624e-03
8.1699346405228761e-04
1.1428571428571429e-03
1.1428571428571429e-03
1.1428571428571429e-03
8.1900081900081905e-04
1.0660980810234541e-03
1.1428571428571429e-03
1.0660980810234541e-03
1.1428571428571429e-03
8.1900081900081905e-04
1.1428571428571429e-03
1.1428571428571429e-03
1.1428571428571429e-03
1.1428571428571429e-03
1.0660980810234541e-03
1.1933174224343676e-03
1.1428571428571429e-03
1.1428571428571429e-03
1.1933174224343676e-03
9.8328416912487715e-04
1.1428571428571429e-03
1.1428571428571429e-03
1.1428571428571429e-03
1.0660980810234541e-03
1.1933174224343676e-03
1.0660980810234541e-03
1.1428571428571429e-03
1.0660980810234541e-03
9.8328416912487715e-04
1.1428571428571429e-03
1.1428571428571429e-03
1.1428571428571429e-03
1.2391573729863693e-03
1.1428571428571429e-03
8.1699346405228761e-04
1.1428571428571429e-03
9.8328416912487715e-04
1.1428571428571429e-03
8.1699346405228761e-04
1.1933174224343676e-03
8.0645161290322578e-03
9.8328416912487715e-04
8.1699346405228761e-04
1.1428571428571429e-03
7.1275837491090524e-04
9.8328416912487715e-04
1.1428571428571429e-03
8.1699346405228761e-04
9.8328416912487715e-04
8.1699346405228761e-04
1.0660980810234541e-03
1.1428571428571429e-03
1.1428571428571429e-03
8.1699346405228761e-04
1.0660980810234541e-03
9.8328416912487715e-04
1.1933174224343676e-03
1.1933174224343676e-03
8.1699346405228761e-04
1.1933174224343676e-03
1.0660980810234541e-03
1.1933174224343676e-03
8.1699346405228761e-04
1.1933174224343676e-03
1.2135922330097086e-03
1.1933174224343676e-03
8.1699346405228761e-04
1.2755102040816326e-03
1.1933174224343676e-03
1.0660980810234541e-03
1.1428571428571429e-03
1.0660980810234541e-03
8.1699346405228761e-04
1.1933174224343676e-03
1.0660980810234541e-03
1.2755102040816326e-03
1.0660980810234541e-03
1.1933174224343676e-03
1.0660980810234541e-03
1.1933174224343676e-03
1.0660980810234541e-03
8.0645161290322578e-03
1.0660980810234541e-03
1.1933174224343676e-03
1.1933174224343676e-03
1.1933174224343676e-03
1.1933174224343676e-03
1.1933174224343676e-03
1.1933174224343676e-03
1.1933174224343676e-03
1.1933174224343676e-03
1.1933174224343676e-03
1.1933174224343676e-03
1.1933174224343676e-03
1.1933174224343676e-03
1.2135922330097086e-03
1.1933174224343676e-03
1.1933174224343676e-03
1.1933174224343676e-03
1.1933174224343676e-03
1.1933174224343676e-03
1.1933174224343676e-03
1.1933174224343676e-03
1.1933174224343676e-03
1.1933174224343676e-03
1.1933174224343676e-03
1.1933174224343676e-03
1.1933174224343676e-03
1.2755102040816326e-03
1.2135922330097086e-03
1.1933174224343676e-03
1.1933174224343676e-03
1.1933174224343676e-03
1.2135922330097086e-03
1.1933174224343676e-03
1.1933174224343676e-03
1.1933174224343676e-03
1.1933174224343676e-03
1.1933174224343676e-03
8.1300813008130090e-03
1.1933174224343676e-03
1.1933174224343676e-03
1.4285714285714286e-03
1.1933174224343676e-03
1.2755102040816326e-03
1.1933174224343676e-03
1.1933174224343676e-03
1.2755102040816326e-03
1.1933174224343676e-03
1.1933174224343676e-03
7.7279752704791343e-04
1.1933174224343676e-03
1.1933174224343676e-03
1.2755102040816326e-03
1.2755102040816326e-03
1.2755102040816326e-03
8.0000000000000002e-03
1.2755102040816326e-03
1.4144271570014145e-03
8.0645161290322578e-03
7.7279752704791343e-04
1.2755102040816326e-03
1.2755102040816326e-03
1.1337868480725624e-03
1.2755102040816326e-03
1.2755102040816326e-03
7.7279752704791343e-04
1.2135922330097086e-03
1.2755102040816326e-03
1.2755102040816326e-03
1.2135922330097086e-03
1.2755102040816326e-03
1.2755102040816326e-03
1.2755102040816326e-03
1.2755102040816326e-03
1.2755102040816326e-03
1.2755102040816326e-03
1.2755102040816326e-03
7.7279752704791343e-04
1.2755102040816326e-03
1.2755102040816326e-03
1.2755102040816326e-03
1.2755102040816326e-03
7.7279752704791343e-04
1.2755102040816326e-03
1.2755102040816326e-03
1.2755102040816326e-03
7.7279752704791343e-04
1.2755102040816326e-03
1.1750881316098707e-03
1.2755102040816326e-03
1.4064697609001407e-03
1.2755102040816326e-03
7.7279752704791343e-04
1.2755102040816326e-03
1.2755102040816326e-03
7.7279752704791343e-04
8.1300813008130090e-03
8.1300813008130090e-03
7.7279752704791343e-04
7.7279752704791343e-04
8.1300813008130090e-03
1.1750881316098707e-03
7.7279752704791343e-04
7.7279752704791343e-04
8.1300813008130090e-03
8.9525514771709937e-04
7.7279752704791343e-04
8.0000000000000002e-03
7.8125000000000004e-04
1.1792452830188679e-03
8.1300813008130090e-03
6.6666666666666671e-03
1.2738853503184713e-03
1.4144271570014145e-03
1.2738853503184713e-03
1.4164305949008499e-03
1.4164305949008499e-03
1.4164305949008499e-03
1.2453300124533001e-03
1.2453300124533001e-03
9.9502487562189048e-04
1.2453300124533001e-03
1.2453300124533001e-03
1.4104372355430183e-03
1.4104372355430183e-03
1.4104372355430183e-03
1.4064697609001407e-03
1.4164305949008499e-03
9.4517958412098301e-04
1.8450184501845018e-03
1.4164305949008499e-03
9.6246390760346492e-04
7.9365079365079361e-03
8.1300813008130090e-03
1.3888888888888889e-03
9.4161958568738226e-04
1.4164305949008499e-03
1.4164305949008499e-03
1.4164305949008499e-03
1.4164305949008499e-03
1.1750881316098707e-03
1.4144271570014145e-03
1.4164305949008499e-03
1.4164305949008499e-03
1.4164305949008499e-03
9.9502487562189048e-04
1.4164305949008499e-03
1.4164305949008499e-03
8.1300813008130090e-03
1.2135922330097086e-03
9.6246390760346492e-04
1.4164305949008499e-03
1.3850415512465374e-03
8.1967213114754103e-03
9.4161958568738226e-04
9.4161958568738226e-04
1.2135922330097086e-03
1.3888888888888889e-03
1.4144271570014145e-03
7.8740157480314960e-03
7.8740157480314960e-03
9.4161958568738226e-04
9.4161958568738226e-04
9.4161958568738226e-04
1.4064697609001407e-03
8.0645161290322578e-03
9.4161958568738226e-04
9.4161958568738226e-04
9.4161958568738226e-04
9.4161958568738226e-04
9.4161958568738226e-04
1.4144271570014145e-03
1.3888888888888889e-03
1.1750881316098707e-03
1.2594458438287153e-03
8.1300813008130090e-03
1.4064697609001407e-03
1.2804097311139564e-03
1.1792452830188679e-03
1.1792452830188679e-03
1.5772870662460567e-03
1.4064697609001407e-03
8.1967213114754103e-03
9.6993210475266732e-04
1.4064697609001407e-03
1.4064697609001407e-03
1.3850415512465374e-03
8.0450522928399030e-04
1.4144271570014145e-03
1.1792452830188679e-03
1.3368983957219251e-03
1.4064697609001407e-03
1.4064697609001407e-03
1.4064697609001407e-03
1.9646365422396855e-03
1.4064697609001407e-03
1.4064697609001407e-03
8.1300813008130090e-03
1.3368983957219251e-03
1.4064697609001407e-03
1.3850415512465374e-03
8.0000000000000002e-03
8.0450522928399030e-04
8.1967213114754103e-03
1.4064697609001407e-03
8.0450522928399030e-04
8.0450522928399030e-04
1.3368983957219251e-03
1.4064697609001407e-03
1.4064697609001407e-03
8.1967213114754103e-03
8.0450522928399030e-04
1.4064697609001407e-03
1.0649627263045794e-03
1.3850415512465374e-03
1.9880715705765406e-03
1.4064697609001407e-03
1.4064697609001407e-03
1.4064697609001407e-03
1.4064697609001407e-03
1.4064697609001407e-03
1.4064697609001407e-03
1.4064697609001407e-03
1.4064697609001407e-03
1.4064697609001407e-03
1.4064697609001407e-03
1.4064697609001407e-03
1.4064697609001407e-03
1.4064697609001407e-03
8.1300813008130090e-03
1.4064697609001407e-03
1.4064697609001407e-03
1.4064697609001407e-03
1.4064697609001407e-03
1.4064697609001407e-03
1.4064697609001407e-03
1.4064697609001407e-03
8.2508250825082509e-04
1.4064697609001407e-03
8.0000000000000002e-03
1.4064697609001407e-03
1.4064697609001407e-03
1.4064697609001407e-03
1.4064697609001407e-03
1.4064697609001407e-03
1.4064697609001407e-03
1.0649627263045794e-03
1.4064697609001407e-03
1.4064697609001407e-03
1.4064697609001407e-03
1.4064697609001407e-03
1.4064697609001407e-03
1.4064697609001407e-03
1.0649627263045794e-03
1.4064697609001407e-03
1.4005602240896359e-03
1.4064697609001407e-03
1.4064697609001407e-03
1.4064697609001407e-03
8.2508250825082509e-04
1.4064697609001407e-03
1.4005602240896359e-03
1.4064697609001407e-03
1.4064697609001407e-03
1.4064697609001407e-03
8.0000000000000002e-03
1.4064697609001407e-03
1.4064697609001407e-03
1.0649627263045794e-03
1.4064697609001407e-03
1.4064697609001407e-03
1.4064697609001407e-03
1.4064697609001407e-03
1.4064697609001407e-03
1.4064697609001407e-03
8.0000000000000002e-03
1.0649627263045794e-03
1.4064697609001407e-03
8.2508250825082509e-04
1.3947001394700139e-03
1.4064697609001407e-03
1.4064697609001407e-03
1.3831258644536654e-03
6.8965517241379309e-03
1.0309278350515464e-02
1.3831258644536654e-03
1.3831258644536654e-03
8.1300813008130090e-03
8.2508250825082509e-04
1.3831258644536654e-03
8.2508250825082509e-04
8.1967213114754103e-03
8.2508250825082509e-04
1.2500000000000000e-01
5.0000000000000000e-01
3.3333333333333331e-01
8.2508250825082509e-04
8.2508250825082509e-04
1.1286681715575620e-03
1.1286681715575620e-03
1.1286681715575620e-03
1.1286681715575620e-03
8.2508250825082509e-04
1.4064697609001407e-03
8.0645161290322578e-03
0.0
9.6993210475266732e-04
1.3020833333333333e-03
1.3020833333333333e-03
1.3020833333333333e-03
1.3020833333333333e-03
1.4064697609001407e-03
8.1300813008130090e-03
1.3020833333333333e-03
1.4064697609001407e-03
1.3020833333333333e-03
9.6993210475266732e-04
9.6993210475266732e-04
1.0515247108307045e-03
8.4033613445378148e-03
1.0515247108307045e-03
9.6993210475266732e-04
1.0515247108307045e-03
9.6993210475266732e-04
1.3458950201884253e-03
1.0515247108307045e-03
9.7560975609756097e-04
9.6993210475266732e-04
9.6993210475266732e-04
9.6993210475266732e-04
9.6993210475266732e-04
9.6993210475266732e-04
1.0638297872340426e-03
9.6993210475266732e-04
8.0000000000000002e-03
9.6993210475266732e-04
8.1300813008130090e-03
1.4184397163120568e-03
8.2644628099173556e-03
8.0645161290322578e-03
7.2992700729927005e-03
1.4184397163120568e-03
8.0645161290322578e-03
8.0645161290322578e-03
9.6993210475266732e-04
1.6666666666666666e-02
2.0325203252032522e-03
1.5772870662460567e-03
8.0645161290322578e-03
6.9444444444444441e-03
8.1967213114754103e-03
8.0000000000000002e-03
1.5772870662460567e-03
8.0000000000000002e-03
6.7114093959731542e-03
8.0000000000000002e-03
8.0000000000000002e-03
8.1967213114754103e-03
6.9444444444444441e-03
8.0000000000000002e-03
1.2500000000000000e-01
5.0000000000000000e-01
8.1967213114754103e-03
6.9444444444444441e-03
6.9444444444444441e-03
8.0000000000000002e-03
1.5772870662460567e-03
8.1300813008130090e-03
1.5772870662460567e-03
6.7114093959731542e-03
2.0000000000000000e-02
8.1967213114754103e-03
8.0000000000000002e-03
8.1967213114754103e-03
1.6949152542372881e-02
3.1250000000000000e-02
1.6949152542372881e-02
1.4164305949008499e-03
1.6949152542372881e-02
8.1300813008130090e-03
1.4164305949008499e-03
8.1967213114754103e-03
1.4184397163120568e-03
1.5151515151515152e-03
1.4184397163120568e-03
3.1250000000000000e-02
4.5454545454545456e-02
1.4164305949008499e-03
8.0645161290322578e-03
8.2644628099173556e-03
8.0645161290322578e-03
8.1967213114754103e-03
1.3698630136986301e-02
8.2644628099173556e-03
8.1967213114754103e-03
1.4164305949008499e-03
8.0645161290322578e-03
8.1967213114754103e-03
8.1967213114754103e-03
3.3333333333333333e-02
8.1967213114754103e-03
1.5772870662460567e-03
8.4745762711864406e-03
8.0645161290322578e-03
8.1967213114754103e-03
8.4745762711864406e-03
8.1967213114754103e-03
8.1967213114754103e-03
8.1967213114754103e-03
1.5772870662460567e-03
8.1300813008130090e-03
8.0000000000000002e-03
8.2644628099173556e-03
1.5772870662460567e-03
8.1300813008130090e-03
8.1300813008130090e-03
8.1967213114754103e-03
1.8867924528301886e-02
8.1967213114754103e-03
1.3623978201634877e-03
8.0645161290322578e-03
1.3623978201634877e-03
9.0909090909090912e-02
1.0000000000000000e+00
1.0000000000000000e+00
5.0000000000000000e-01
4.5454545454545456e-02
1.3623978201634877e-03
1.8181818181818181e-02
8.4033613445378148e-03
8.0645161290322578e-03
1.4144271570014145e-03
1.9607843137254902e-02
1.9607843137254902e-02
1.3623978201634877e-03
8.4745762711864406e-03
8.1967213114754103e-03
8.0645161290322578e-03
1.3623978201634877e-03
8.1967213114754103e-03
1.1325028312570782e-03
1.4144271570014145e-03
8.0645161290322578e-03
8.0645161290322578e-03
8.3333333333333332e-03
3.3333333333333333e-02
8.1967213114754103e-03
1.8867924528301886e-02
8.1967213114754103e-03
5.0000000000000000e-01
8.1967213114754103e-03
8.1967213114754103e-03
8.1967213114754103e-03
1.6129032258064516e-02
1.8181818181818181e-02
1.6949152542372881e-02
2.1739130434782608e-02
9.5238095238095247e-03
8.5470085470085479e-03
3.1250000000000000e-02
2.0000000000000000e-02
2.1276595744680851e-02
9.5238095238095247e-03
1.9607843137254902e-02
1.5797788309636651e-03
8.1967213114754103e-03
2.0000000000000000e-02
2.0000000000000000e-02
2.0000000000000000e-02
2.0000000000000000e-02
9.4339622641509430e-03
8.6206896551724137e-03
8.2644628099173556e-03
1.6129032258064516e-02
1.6129032258064516e-02
1.6129032258064516e-02
1.6129032258064516e-02
1.6129032258064516e-02
1.6129032258064516e-02
1.6129032258064516e-02
1.6129032258064516e-02
8.1967213114754103e-03
1.6129032258064516e-02
9.4339622641509430e-03
1.6129032258064516e-02
9.4339622641509430e-03
2.6315789473684209e-02
1.6129032258064516e-02
1.6129032258064516e-02
1.6129032258064516e-02
1.6129032258064516e-02
1.6129032258064516e-02
8.4745762711864406e-03
2.3809523809523808e-02
3.1250000000000000e-02
1.7857142857142856e-02
1.7857142857142856e-02
2.0000000000000000e-02
2.7777777777777776e-02
3.1250000000000000e-02
5.0000000000000000e-01
8.5470085470085479e-03
8.5470085470085479e-03
8.5470085470085479e-03
8.5470085470085479e-03
8.5470085470085479e-03
3.4482758620689655e-02
3.7037037037037035e-02
8.2644628099173556e-03
1.0000000000000000e+00
1.2500000000000000e-01
5.0000000000000000e-01
5.0000000000000000e-01
1.0000000000000000e+00
1.0000000000000000e+00
3.4482758620689655e-02
1.1111111111111110e-01
1.0000000000000001e-01
1.1111111111111110e-01
1.0000000000000001e-01
5.0000000000000000e-01
4.8076923076923080e-03
1.1111111111111110e-01
1.0000000000000001e-01
1.1111111111111110e-01
1.0000000000000001e-01
2.2222222222222223e-02
1.2500000000000000e-01
1.0000000000000001e-01
1.4285714285714285e-01
6.6666666666666666e-02
5.0000000000000000e-01
9.4339622641509430e-03
1.1111111111111110e-01
1.0000000000000001e-01
7.1428571428571425e-02
2.5000000000000000e-01
1.0000000000000000e+00
0.0
9.4339622641509430e-03
1.0000000000000000e+00
1.0000000000000000e+00
3.4482758620689655e-02
0.0
1.0101010101010102e-02
5.8823529411764705e-02
2.0000000000000000e-03
1.6666666666666666e-01
1.0000000000000000e+00
1.0000000000000000e+00
1.0000000000000000e+00
1.1111111111111110e-01
1.0000000000000001e-01
1.0000000000000000e+00
5.0000000000000000e-01
1.0000000000000000e+00
1.0000000000000000e+00
2.0833333333333333e-03
1.2987012987012988e-02
5.5555555555555552e-02
2.5000000000000000e-01
1.0000000000000000e+00
1.0000000000000000e+00
1.0000000000000000e+00
5.0000000000000000e-01
1.6666666666666666e-01
5.0000000000000000e-01
5.0000000000000000e-01
2.0000000000000001e-01
2.2831050228310501e-03
1.8867924528301886e-02
1.9960079840319360e-03
6.1349693251533744e-03
8.4033613445378148e-03
5.5555555555555552e-02
2.2172949002217295e-03
8.1967213114754103e-03
5.8823529411764705e-02
2.0000000000000001e-01
2.0000000000000001e-01
2.0000000000000001e-01
1.0000000000000000e+00
1.0101010101010102e-02
5.8823529411764705e-02
1.2500000000000000e-01
1.0000000000000000e+00
1.6666666666666666e-01
5.0000000000000000e-01
5.0000000000000000e-01
9.1743119266055051e-03
5.2631578947368418e-02
2.0000000000000001e-01
2.8089887640449437e-03
6.7114093959731542e-03
4.0000000000000001e-02
8.4033613445378148e-03
6.6666666666666666e-02
2.6737967914438501e-03
6.4102564102564100e-03
2.6737967914438501e-03
6.4102564102564100e-03
1.0000000000000000e+00
2.6737967914438501e-03
6.4102564102564100e-03
2.2727272727272726e-03
8.3333333333333329e-02
1.3157894736842105e-02
2.6737967914438501e-03
6.4102564102564100e-03
3.1152647975077881e-03
4.9751243781094526e-03
3.2154340836012861e-03
4.1666666666666666e-03
3.3333333333333331e-01
3.3333333333333331e-01
2.1551724137931034e-03
1.1111111111111112e-02
2.1551724137931034e-03
1.1111111111111112e-02
1.2500000000000000e-01
5.0000000000000000e-01
3.3333333333333331e-01
2.6737967914438501e-03
7.1428571428571425e-02
6.4102564102564100e-03
2.6737967914438501e-03
7.1428571428571425e-02
6.4102564102564100e-03
2.6737967914438501e-03
7.1428571428571425e-02
6.4102564102564100e-03
3.2362459546925568e-03
4.7619047619047623e-03
2.3752969121140144e-03
5.9880239520958087e-03
3.4013605442176869e-03
4.8309178743961350e-03
3.4013605442176869e-03
4.8309178743961350e-03
2.0964360587002098e-03
6.8965517241379309e-03
2.1505376344086021e-03
6.0975609756097563e-03
3.7313432835820895e-03
6.4102564102564100e-03
2.6246719160104987e-03
5.1813471502590676e-03
2.1551724137931034e-03
1.1111111111111112e-02
3.2154340836012861e-03
4.1666666666666666e-03
2.2172949002217295e-03
5.9880239520958087e-03
1.0000000000000000e+00
3.1055900621118010e-03
7.1428571428571425e-02
1.4492753623188406e-02
1.0000000000000000e+00
5.0000000000000000e-01
3.2154340836012861e-03
4.1666666666666666e-03
2.2172949002217295e-03
6.0975609756097563e-03
3.1152647975077881e-03
5.0251256281407036e-03
3.4965034965034965e-03
4.9751243781094526e-03
3.1152647975077881e-03
4.9751243781094526e-03
2.8490028490028491e-03
6.3291139240506328e-03
2.1505376344086021e-03
6.6225165562913907e-03
8.4033613445378148e-03
7.1428571428571425e-02
2.2172949002217295e-03
6.1349693251533744e-03
2.0000000000000000e-03
3.2258064516129031e-02
5.0000000000000000e-01
2.2172949002217295e-03
6.4516129032258064e-03
3.1152647975077881e-03
4.9751243781094526e-03
1.9920318725099601e-03
6.1349693251533744e-03
2.1052631578947368e-03
7.0921985815602835e-03
1.9685039370078740e-03
6.6225165562913907e-03
3.5971223021582736e-03
4.9751243781094526e-03
3.7037037037037035e-02
3.5971223021582736e-03
4.9751243781094526e-03
2.2172949002217295e-03
7.1428571428571425e-02
1.0309278350515464e-02
2.2727272727272726e-03
7.0921985815602835e-03
2.2172949002217295e-03
7.6923076923076927e-02
6.0975609756097563e-03
3.1152647975077881e-03
4.9751243781094526e-03
2.5510204081632651e-03
5.9880239520958087e-03
2.0000000000000000e-03
1.0309278350515464e-02
3.1152647975077881e-03
4.9751243781094526e-03
2.2172949002217295e-03
6.0975609756097563e-03
3.1152647975077881e-03
4.9751243781094526e-03
3.1152647975077881e-03
4.9751243781094526e-03
1.9841269841269840e-03
6.1728395061728392e-03
3.5460992907801418e-03
4.9751243781094526e-03
1.0000000000000000e+00
5.0000000000000000e-01
3.4965034965034965e-03
4.9751243781094526e-03
2.2727272727272726e-03
7.0921985815602835e-03
2.1834061135371178e-03
6.8027210884353739e-03
3.5971223021582736e-03
5.0251256281407036e-03
2.1186440677966102e-03
6.8493150684931503e-03
1.9920318725099601e-03
3.9682539682539680e-03
5.0000000000000000e-01
3.1152647975077881e-03
4.9751243781094526e-03
3.4129692832764505e-03
4.9751243781094526e-03
3.3670033670033669e-03
4.9751243781094526e-03
3.3222591362126247e-03
4.1666666666666666e-03
3.1152647975077881e-03
5.4945054945054949e-03
1.4084507042253521e-02
3.5714285714285712e-02
5.0000000000000000e-01
1.0000000000000000e+00
1.0000000000000000e+00
2.7173913043478260e-03
6.5789473684210523e-03
3.5971223021582736e-03
4.9751243781094526e-03
3.1152647975077881e-03
4.9751243781094526e-03
3.1152647975077881e-03
5.4945054945054949e-03
3.1152647975077881e-03
4.9751243781094526e-03
2.2727272727272726e-03
1.3333333333333334e-02
3.3222591362126247e-03
4.1666666666666666e-03
3.1152647975077881e-03
5.4945054945054949e-03
2.0040080160320640e-03
6.6225165562913907e-03
3.1152647975077881e-03
4.9751243781094526e-03
2.0040080160320640e-03
6.1349693251533744e-03
3.5971223021582736e-03
4.9751243781094526e-03
2.6246719160104987e-03
5.0251256281407036e-03
3.1152647975077881e-03
4.9751243781094526e-03
3.1152647975077881e-03
4.9751243781094526e-03
3.4965034965034965e-03
4.9751243781094526e-03
2.0283975659229209e-03
6.0975609756097563e-03
2.1551724137931034e-03
7.6923076923076927e-02
6.0240963855421690e-03
3.1152647975077881e-03
4.9751243781094526e-03
2.1881838074398249e-03
4.8780487804878049e-03
1.0000000000000000e+00
1.0000000000000000e+00
1.0000000000000000e+00
9.1743119266055051e-03
5.2631578947368418e-02
3.3333333333333331e-01
1.0000000000000000e+00
2.2727272727272726e-03
6.4102564102564100e-03
2.2172949002217295e-03
1.0752688172043012e-02
2.0080321285140560e-03
6.7114093959731542e-03
3.1152647975077881e-03
4.9751243781094526e-03
2.6246719160104987e-03
6.7114093959731542e-03
3.1152647975077881e-03
6.9444444444444441e-03
3.3557046979865771e-03
4.8780487804878049e-03
3.5971223021582736e-03
6.9930069930069930e-03
3.3557046979865771e-03
4.8780487804878049e-03
2.3752969121140144e-03
6.4935064935064939e-03
5.0000000000000000e-01
5.0000000000000000e-01
1.0000000000000000e+00
1.2500000000000000e-01
2.0040080160320640e-03
6.1349693251533744e-03
3.1152647975077881e-03
4.9751243781094526e-03
3.4129692832764505e-03
4.9751243781094526e-03
2.0449897750511249e-03
6.6225165562913907e-03
2.4570024570024569e-03
6.9444444444444441e-03
2.6737967914438501e-03
6.8965517241379309e-03
2.0408163265306124e-03
6.2500000000000003e-03
1.0000000000000000e+00
1.0000000000000000e+00
5.0000000000000000e-01
5.0000000000000000e-01
2.3094688221709007e-03
5.9171597633136093e-03
2.1321961620469083e-03
6.7567567567567571e-03
3.0211480362537764e-03
5.1020408163265302e-03
1.6666666666666666e-01
2.6246719160104987e-03
6.7114093959731542e-03
2.0964360587002098e-03
6.3291139240506328e-03
2.1881838074398249e-03
4.4247787610619468e-03
2.0040080160320640e-03
6.5789473684210523e-03
3.1152647975077881e-03
4.9751243781094526e-03
3.0303030303030303e-03
4.8780487804878049e-03
5.0000000000000000e-01
5.0000000000000000e-01
1.0000000000000000e+00
2.0964360587002098e-03
4.2553191489361703e-03
2.2727272727272726e-03
1.0416666666666666e-02
2.0040080160320640e-03
6.6225165562913907e-03
2.0202020202020202e-03
6.6225165562913907e-03
2.0202020202020202e-03
6.6225165562913907e-03
2.6246719160104987e-03
5.1813471502590676e-03
3.1152647975077881e-03
4.9751243781094526e-03
2.0040080160320640e-03
6.8027210884353739e-03
2.6246719160104987e-03
5.1813471502590676e-03
3.4722222222222220e-03
4.8780487804878049e-03
2.6246719160104987e-03
5.1813471502590676e-03
3.3333333333333331e-01
1.0000000000000000e+00
1.0000000000000000e+00
2.0000000000000000e-03
6.5789473684210523e-03
3.1152647975077881e-03
4.9751243781094526e-03
3.2786885245901639e-03
4.9751243781094526e-03
2.0080321285140560e-03
6.8027210884353739e-03
3.1152647975077881e-03
4.9751243781094526e-03
1.0000000000000000e+00
1.0000000000000000e+00
1.0000000000000000e+00
3.2786885245901639e-03
4.9751243781094526e-03
2.0000000000000000e-03
6.5359477124183009e-03
2.1881838074398249e-03
4.4247787610619468e-03
3.3670033670033669e-03
4.9751243781094526e-03
2.0964360587002098e-03
4.2553191489361703e-03
2.3148148148148147e-03
1.2820512820512820e-02
1.2500000000000000e-01
2.6246719160104987e-03
5.1813471502590676e-03
3.3333333333333331e-01
2.0242914979757085e-03
4.5045045045045045e-03
1.2500000000000000e-01
3.5587188612099642e-03
4.9751243781094526e-03
3.3333333333333331e-01
3.3333333333333331e-01
2.0491803278688526e-03
6.2893081761006293e-03
8.3333333333333329e-02
6.6666666666666666e-02
5.0000000000000000e-01
5.0000000000000000e-01
1.0000000000000000e+00
3.5211267605633804e-03
3.3557046979865771e-03
6.5359477124183009e-03
1.0000000000000000e+00
1.0000000000000000e+00
5.0000000000000000e-01
3.4965034965034965e-03
4.9751243781094526e-03
3.3333333333333331e-01
3.4965034965034965e-03
4.9751243781094526e-03
2.4813895781637717e-03
4.0000000000000001e-03
2.0000000000000000e-03
6.7114093959731542e-03
3.1152647975077881e-03
6.5789473684210523e-03
2.0491803278688526e-03
6.2893081761006293e-03
2.3148148148148147e-03
1.2820512820512820e-02
2.0000000000000000e-03
6.5789473684210523e-03
2.8985507246376812e-03
1.2500000000000000e-01
2.0000000000000000e-03
6.5789473684210523e-03
2.0000000000000000e-03
6.5789473684210523e-03
1.9960079840319360e-03
6.7114093959731542e-03
3.0211480362537764e-03
5.1813471502590676e-03
1.0000000000000000e+00
2.0202020202020202e-03
6.4935064935064939e-03
3.4722222222222220e-03
6.5789473684210523e-03
3.1152647975077881e-03
6.5789473684210523e-03
1.0000000000000000e+00
8.3333333333333329e-02
2.0202020202020202e-03
6.4935064935064939e-03
2.0202020202020202e-03
5.9880239520958087e-03
8.3333333333333329e-02
3.3333333333333331e-01
5.0000000000000000e-01
5.0000000000000000e-01
1.1111111111111110e-01
8.3333333333333329e-02
8.3333333333333329e-02
8.3333333333333329e-02
8.3333333333333329e-02
8.3333333333333329e-02
8.3333333333333329e-02
8.3333333333333329e-02
8.3333333333333329e-02
3.4965034965034965e-03
4.9751243781094526e-03
8.3333333333333329e-02
8.3333333333333329e-02
2.0202020202020202e-03
4.6728971962616819e-03
7.1428571428571425e-02
1.4285714285714285e-01
3.3333333333333331e-01
5.0000000000000000e-01
5.0000000000000000e-01
3.4246575342465752e-03
2.0000000000000000e-03
6.7114093959731542e-03
3.3333333333333331e-01
5.0000000000000000e-01
5.0000000000000000e-01
5.0000000000000000e-01
1.0000000000000000e+00
2.0000000000000000e-03
6.6225165562913907e-03
3.4129692832764505e-03
4.0816326530612249e-03
2.0161290322580645e-03
6.7114093959731542e-03
1.1235955056179775e-02
2.0202020202020202e-03
6.4935064935064939e-03
2.0202020202020202e-03
4.1152263374485600e-03
2.0202020202020202e-03
4.6728971962616819e-03
2.7173913043478260e-03
6.7114093959731542e-03
2.0000000000000000e-03
6.7114093959731542e-03
2.0000000000000000e-03
6.7114093959731542e-03
2.0000000000000000e-03
6.7114093959731542e-03
3.4364261168384879e-03
6.2111801242236021e-03
2.0202020202020202e-03
6.8493150684931503e-03
2.0202020202020202e-03
6.4935064935064939e-03
2.0202020202020202e-03
6.7567567567567571e-03
2.0202020202020202e-03
6.7567567567567571e-03
2.0202020202020202e-03
5.5555555555555558e-03
2.0202020202020202e-03
4.2372881355932203e-03
2.0202020202020202e-03
4.6728971962616819e-03
2.0202020202020202e-03
4.2372881355932203e-03
1.9801980198019802e-03
6.7114093959731542e-03
2.0161290322580645e-03
6.7114093959731542e-03
2.0000000000000000e-03
6.7114093959731542e-03
3.3333333333333331e-01
1.0000000000000000e+00
2.0202020202020202e-03
4.2372881355932203e-03
2.0202020202020202e-03
4.2372881355932203e-03
2.0833333333333333e-03
9.0909090909090905e-03
1.9230769230769232e-02
6.8965517241379309e-03
2.0202020202020202e-03
6.6225165562913907e-03
3.5335689045936395e-03
4.8780487804878049e-03
2.0202020202020202e-03
4.2372881355932203e-03
2.0202020202020202e-03
4.2372881355932203e-03
2.0202020202020202e-03
6.8493150684931503e-03
2.0202020202020202e-03
6.4935064935064939e-03
1.0000000000000000e+00
2.0202020202020202e-03
6.3694267515923570e-03
2.0202020202020202e-03
6.4935064935064939e-03
2.0202020202020202e-03
6.3291139240506328e-03
2.0202020202020202e-03
4.2372881355932203e-03
2.0202020202020202e-03
4.2372881355932203e-03
2.0202020202020202e-03
4.2372881355932203e-03
2.0202020202020202e-03
4.2372881355932203e-03
2.0202020202020202e-03
4.2372881355932203e-03
2.0202020202020202e-03
6.7567567567567571e-03
2.0202020202020202e-03
4.2372881355932203e-03
2.6737967914438501e-03
7.8740157480314960e-03
2.0202020202020202e-03
6.3694267515923570e-03
3.3333333333333331e-01
2.2624434389140274e-03
6.8027210884353739e-03
1.0000000000000001e-01
2.0202020202020202e-03
4.2372881355932203e-03
2.0202020202020202e-03
4.6728971962616819e-03
9.0909090909090912e-02
5.0000000000000000e-01
2.0202020202020202e-03
6.3694267515923570e-03
1.0000000000000001e-01
3.5335689045936395e-03
4.8780487804878049e-03
2.8985507246376812e-03
8.6956521739130436e-03
1.0000000000000000e+00
2.0202020202020202e-03
4.2372881355932203e-03
2.0202020202020202e-03
6.3694267515923570e-03
2.0202020202020202e-03
4.2372881355932203e-03
2.0202020202020202e-03
4.2372881355932203e-03
2.0202020202020202e-03
4.2372881355932203e-03
2.0202020202020202e-03
4.2372881355932203e-03
2.0202020202020202e-03
4.2372881355932203e-03
2.0202020202020202e-03
4.2372881355932203e-03
2.0202020202020202e-03
6.3291139240506328e-03
2.0202020202020202e-03
6.1728395061728392e-03
2.0202020202020202e-03
4.2372881355932203e-03
2.0703933747412010e-03
4.4444444444444444e-03
1.0000000000000001e-01
2.0202020202020202e-03
4.2372881355932203e-03
1.0000000000000000e+00
2.2624434389140274e-03
8.6956521739130436e-03
2.5000000000000001e-02
2.0202020202020202e-03
4.2372881355932203e-03
2.0202020202020202e-03
4.2372881355932203e-03
1.0000000000000000e+00
7.1428571428571425e-02
2.0202020202020202e-03
6.7114093959731542e-03
2.0202020202020202e-03
4.2372881355932203e-03
2.0202020202020202e-03
4.2372881355932203e-03
2.0202020202020202e-03
4.2372881355932203e-03
2.0202020202020202e-03
4.2372881355932203e-03
2.0202020202020202e-03
4.2372881355932203e-03
1.0000000000000000e+00
2.0202020202020202e-03
4.2372881355932203e-03
2.0202020202020202e-03
6.4516129032258064e-03
5.0000000000000000e-01
2.0202020202020202e-03
4.2372881355932203e-03
2.0833333333333333e-03
1.8181818181818181e-02
2.0202020202020202e-03
4.2372881355932203e-03
2.0202020202020202e-03
4.2372881355932203e-03
2.0661157024793389e-03
4.2372881355932203e-03
2.0833333333333333e-03
1.8181818181818181e-02
2.0833333333333333e-03
1.7857142857142856e-02
2.0040080160320640e-03
2.0000000000000000e-02
1.6666666666666666e-02
2.8490028490028491e-03
1.2500000000000000e-01
2.6315789473684210e-03
8.9285714285714281e-03
1.4285714285714285e-01
1.9880715705765406e-03
6.2500000000000003e-03
2.0202020202020202e-03
4.6728971962616819e-03
5.1020408163265302e-03
8.6956521739130436e-03
2.0202020202020202e-03
4.6728971962616819e-03
2.0202020202020202e-03
4.6728971962616819e-03
2.0202020202020202e-03
6.3291139240506328e-03
2.0202020202020202e-03
6.3291139240506328e-03
2.0833333333333333e-03
1.7857142857142856e-02
2.0833333333333333e-03
1.8181818181818181e-02
2.0120724346076460e-03
2.0000000000000000e-02
2.0833333333333333e-03
1.7857142857142856e-02
3.2894736842105261e-03
8.1300813008130090e-03
1.6666666666666666e-01
2.5000000000000000e-01
5.0000000000000000e-01
1.0000000000000000e+00
2.0120724346076460e-03
1.8181818181818181e-02
4.4247787610619468e-03
2.0408163265306121e-02
2.6881720430107529e-03
6.3291139240506328e-03
2.0833333333333333e-03
1.7857142857142856e-02
2.8490028490028491e-03
1.9011406844106464e-03
5.0000000000000003e-02
2.2727272727272728e-02
3.3333333333333331e-01
5.0000000000000000e-01
5.0000000000000000e-01
2.0876826722338203e-03
1.7857142857142856e-02
2.6455026455026454e-03
2.5000000000000001e-02
2.0833333333333333e-03
1.7857142857142856e-02
2.0833333333333333e-03
1.7857142857142856e-02
2.0202020202020202e-03
6.1728395061728392e-03
2.0833333333333333e-03
1.7857142857142856e-02
4.0485829959514170e-03
2.0833333333333333e-03
1.7857142857142856e-02
2.8985507246376812e-03
8.6956521739130436e-03
2.0833333333333333e-03
1.7857142857142856e-02
3.6496350364963502e-03
2.8818443804034580e-03
8.4745762711864406e-03
3.3112582781456954e-03
1.1111111111111110e-01
2.5000000000000001e-02
1.2500000000000000e-01
2.8985507246376812e-03
8.7719298245614030e-03
5.0000000000000000e-01
1.0000000000000000e+00
8.4033613445378148e-03
2.0080321285140560e-03
1.6666666666666666e-02
2.0833333333333333e-03
1.7857142857142856e-02
2.8985507246376812e-03
8.5470085470085479e-03
2.2727272727272728e-02
3.3112582781456954e-03
2.5000000000000000e-01
1.0000000000000000e+00
2.3148148148148147e-03
1.7857142857142856e-02
2.0833333333333333e-03
5.0000000000000000e-01
1.0000000000000000e+00
1.0000000000000000e+00
2.8985507246376812e-03
3.0303030303030304e-02
2.0703933747412010e-03
1.6666666666666666e-02
1.0000000000000000e+00
4.9751243781094526e-03
1.0000000000000000e+00
1.0000000000000000e+00
5.0000000000000000e-01
2.7777777777777776e-02
1.9646365422396855e-03
2.0000000000000001e-01
3.3898305084745762e-03
8.6956521739130436e-03
1.9646365422396855e-03
2.8985507246376812e-03
8.8495575221238937e-03
3.3333333333333331e-01
1.0000000000000000e+00
1.8382352941176470e-03
8.4745762711864406e-03
4.7619047619047616e-02
2.8985507246376812e-03
8.9285714285714281e-03
5.0000000000000000e-01
2.1276595744680851e-03
1.7857142857142856e-02
2.0120724346076460e-03
1.9230769230769232e-02
2.0000000000000000e-03
6.7114093959731542e-03
1.9646365422396855e-03
1.8621973929236499e-03
2.0408163265306121e-02
2.0703933747412010e-03
1.6666666666666666e-02
2.0202020202020202e-03
6.1728395061728392e-03
6.2893081761006293e-03
1.2500000000000000e-01
4.6082949308755760e-03
8.9285714285714281e-03
5.0000000000000000e-01
2.2727272727272728e-02
2.0000000000000000e-03
6.7114093959731542e-03
2.0120724346076460e-03
1.9607843137254902e-02
2.0040080160320640e-03
2.0000000000000000e-02
2.4271844660194173e-03
8.3333333333333332e-03
2.0000000000000000e-02
2.0120724346076460e-03
1.6949152542372881e-02
1.9646365422396855e-03
2.2222222222222223e-02
2.2727272727272728e-02
6.5789473684210523e-03
8.7719298245614030e-03
2.8985507246376812e-03
2.5000000000000001e-02
4.4642857142857140e-03
1.0000000000000001e-01
2.0000000000000000e-03
6.7114093959731542e-03
2.3809523809523808e-02
2.8985507246376812e-03
3.3333333333333331e-01
2.8985507246376812e-03
3.3333333333333331e-01
2.0491803278688526e-03
1.8518518518518517e-02
1.2500000000000000e-01
2.9673590504451040e-03
8.7719298245614030e-03
2.8653295128939827e-03
2.8985507246376812e-03
8.6956521739130436e-03
1.9011406844106464e-03
1.7241379310344827e-02
2.8985507246376812e-03
8.7719298245614030e-03
1.2820512820512820e-02
5.5555555555555558e-03
1.0000000000000000e+00
1.0000000000000000e+00
2.8985507246376812e-03
8.7719298245614030e-03
1.8656716417910447e-03
1.7857142857142856e-02
2.1052631578947368e-03
3.3112582781456954e-03
2.8985507246376812e-03
8.6956521739130436e-03
2.6178010471204190e-03
9.3457943925233638e-03
3.3333333333333331e-01
1.0000000000000000e+00
5.0000000000000000e-01
1.0000000000000000e+00
6.5789473684210523e-03
8.7719298245614030e-03
2.6178010471204190e-03
2.8985507246376812e-03
2.3255813953488372e-02
2.8818443804034580e-03
2.0000000000000000e-03
6.7114093959731542e-03
2.2573363431151240e-03
2.0408163265306121e-02
1.9011406844106464e-03
8.3333333333333332e-03
1.1111111111111110e-01
2.8653295128939827e-03
2.5000000000000000e-01
3.3333333333333331e-01
1.0000000000000000e+00
2.9325513196480938e-03
2.2727272727272728e-02
2.9239766081871343e-03
1.4285714285714285e-01
4.5454545454545452e-03
2.8490028490028491e-03
2.8985507246376812e-03
8.8495575221238937e-03
2.1052631578947368e-03
2.0000000000000000e-03
6.7114093959731542e-03
2.8985507246376812e-03
2.8985507246376812e-03
3.4482758620689655e-02
2.8985507246376812e-03
7.6335877862595417e-03
8.7719298245614030e-03
2.1276595744680851e-03
1.9011406844106464e-03
8.3333333333333332e-03
2.1276595744680851e-03
1.7857142857142856e-02
1.8382352941176470e-03
8.6956521739130436e-03
7.6335877862595417e-03
2.8735632183908046e-03
2.8985507246376812e-03
8.7719298245614030e-03
2.8985507246376812e-03
9.3457943925233638e-03
1.0000000000000000e+00
1.0000000000000000e+00
1.0000000000000000e+00
2.2222222222222223e-02
2.1739130434782608e-02
1.9011406844106464e-03
2.0833333333333332e-02
2.7777777777777776e-02
2.8985507246376812e-03
8.7719298245614030e-03
2.8985507246376812e-03
8.7719298245614030e-03
2.8985507246376812e-03
8.6956521739130436e-03
2.0202020202020202e-03
2.2222222222222223e-02
6.0975609756097563e-03
2.8985507246376812e-03
1.9011406844106464e-03
8.3333333333333332e-03
2.8985507246376812e-03
5.1813471502590676e-03
2.8985507246376812e-03
2.8985507246376812e-03
2.1052631578947368e-03
2.8985507246376812e-03
8.6956521739130436e-03
2.0040080160320640e-03
8.7719298245614030e-03
2.0000000000000000e-02
2.1276595744680851e-03
1.9230769230769232e-02
5.0000000000000003e-02
1.9011406844106464e-03
8.3333333333333332e-03
3.2894736842105261e-03
2.8985507246376812e-03
7.1428571428571425e-02
1.4285714285714285e-01
1.9011406844106464e-03
8.3333333333333332e-03
2.0080321285140560e-03
2.1052631578947368e-03
4.9751243781094526e-03
1.9011406844106464e-03
2.1739130434782608e-02
2.1052631578947368e-03
2.8985507246376812e-03
8.7719298245614030e-03
3.2258064516129031e-02
1.9011406844106464e-03
5.0000000000000003e-02
2.2222222222222223e-02
4.9751243781094526e-03
1.9646365422396855e-03
1.9230769230769232e-02
2.2727272727272728e-02
1.8382352941176470e-03
1.6949152542372881e-02
1.9011406844106464e-03
5.0000000000000003e-02
1.9011406844106464e-03
2.0833333333333332e-02
1.8382352941176470e-03
1.6949152542372881e-02
2.5641025641025640e-02
2.2222222222222223e-02
5.0000000000000000e-01
2.1052631578947368e-03
1.9646365422396855e-03
1.9230769230769232e-02
3.2051282051282050e-03
8.7719298245614030e-03
1.9011406844106464e-03
1.0000000000000000e+00
1.0000000000000000e+00
3.3112582781456954e-03
1.9011406844106464e-03
1.9011406844106464e-03
2.8985507246376812e-03
8.7719298245614030e-03
1.9646365422396855e-03
2.1276595744680851e-02
1.9011406844106464e-03
1.9646365422396855e-03
1.9646365422396855e-03
1.0000000000000000e+00
2.8571428571428571e-02
1.9011406844106464e-03
2.5000000000000000e-01
2.9325513196480938e-03
8.7719298245614030e-03
3.3112582781456954e-03
8.1300813008130090e-03
1.8382352941176470e-03
8.3333333333333332e-03
1.8382352941176470e-03
6.6666666666666666e-02
1.9011406844106464e-03
3.2786885245901639e-03
9.2592592592592587e-03
1.9011406844106464e-03
2.1276595744680851e-03
2.8985507246376812e-03
8.6956521739130436e-03
1.8518518518518519e-03
2.0040080160320640e-03
3.3333333333333331e-01
3.2894736842105261e-03
8.7719298245614030e-03
1.9011406844106464e-03
1.9646365422396855e-03
2.1276595744680851e-03
1.7857142857142856e-02
2.9325513196480938e-03
8.7719298245614030e-03
1.0000000000000000e+00
2.7777777777777776e-02
3.2894736842105261e-03
8.7719298245614030e-03
4.0485829959514170e-03
8.7719298245614030e-03
1.9342359767891683e-03
4.9751243781094526e-03
2.1052631578947368e-03
3.2894736842105261e-03
2.4271844660194173e-03
2.1052631578947368e-03
2.8985507246376812e-03
2.8490028490028491e-03
6.6666666666666666e-02
2.1276595744680851e-03
1.7857142857142856e-02
2.7777777777777776e-02
5.0000000000000003e-02
2.7777777777777776e-02
1.9646365422396855e-03
1.7857142857142856e-02
2.7777777777777776e-02
1.9011406844106464e-03
8.3333333333333332e-03
2.8985507246376812e-03
1.9011406844106464e-03
2.7777777777777776e-02
2.7777777777777776e-02
2.7777777777777776e-02
4.5454545454545452e-03
6.4935064935064939e-03
1.9011406844106464e-03
1.9646365422396855e-03
1.7857142857142856e-02
2.8571428571428571e-02
1.9011406844106464e-03
1.9011406844106464e-03
8.3333333333333332e-03
1.9880715705765406e-03
8.8495575221238937e-03
5.9523809523809521e-03
2.1052631578947368e-03
2.2222222222222223e-02
1.9646365422396855e-03
1.9011406844106464e-03
1.9646365422396855e-03
1.9646365422396855e-03
1.9011406844106464e-03
8.3333333333333332e-03
2.5000000000000000e-01
2.1276595744680851e-03
7.1428571428571425e-02
2.8653295128939827e-03
2.8985507246376812e-03
8.7719298245614030e-03
1.9646365422396855e-03
2.8985507246376812e-03
8.7719298245614030e-03
1.9011406844106464e-03
3.2894736842105261e-03
2.8985507246376812e-03
8.7719298245614030e-03
1.9646365422396855e-03
1.9011406844106464e-03
1.9646365422396855e-03
1.9646365422396855e-03
1.9646365422396855e-03
1.9646365422396855e-03
1.9646365422396855e-03
1.9646365422396855e-03
1.9646365422396855e-03
1.9646365422396855e-03
1.9646365422396855e-03
1.9646365422396855e-03
1.9646365422396855e-03
1.0309278350515464e-02
1.9646365422396855e-03
2.8985507246376812e-03
8.7719298245614030e-03
2.5000000000000001e-02
2.8985507246376812e-03
8.7719298245614030e-03
1.9646365422396855e-03
2.8985507246376812e-03
8.7719298245614030e-03
1.8382352941176470e-03
1.9011406844106464e-03
1.9646365422396855e-03
1.7857142857142856e-02
2.0161290322580645e-03
1.8382352941176470e-03
8.3333333333333332e-03
1.9646365422396855e-03
1.7857142857142856e-02
1.9646365422396855e-03
3.2894736842105261e-03
8.6956521739130436e-03
5.0000000000000000e-01
3.3333333333333335e-03
8.7719298245614030e-03
2.5000000000000000e-01
1.8382352941176470e-03
2.6881720430107529e-03
1.8867924528301886e-02
2.8985507246376812e-03
1.9646365422396855e-03
1.8382352941176470e-03
1.9646365422396855e-03
2.1321961620469083e-03
1.9083969465648854e-03
7.0422535211267607e-03
2.6315789473684209e-02
2.2727272727272728e-02
2.1739130434782608e-02
1.8382352941176470e-03
2.1739130434782608e-02
5.2631578947368418e-02
1.9011406844106464e-03
2.0161290322580645e-03
2.0202020202020202e-03
1.9646365422396855e-03
1.8382352941176470e-03
1.8382352941176470e-03
1.9646365422396855e-03
1.0000000000000000e+00
2.0161290322580645e-03
1.9646365422396855e-03
3.3444816053511705e-03
1.9646365422396855e-03
1.9607843137254902e-02
1.9646365422396855e-03
1.9607843137254902e-02
2.0000000000000001e-01
1.0000000000000000e+00
2.0161290322580645e-03
2.0161290322580645e-03
1.9646365422396855e-03
1.8382352941176470e-03
3.7037037037037038e-03
4.9751243781094526e-03
8.3333333333333329e-02
2.0161290322580645e-03
2.0790020790020791e-03
2.0161290322580645e-03
1.9646365422396855e-03
2.2727272727272728e-02
1.9646365422396855e-03
3.2894736842105261e-03
8.7719298245614030e-03
2.9761904761904760e-03
8.7719298245614030e-03
2.6315789473684209e-02
1.9646365422396855e-03
1.8382352941176470e-03
8.3333333333333332e-03
6.6666666666666666e-02
1.9646365422396855e-03
2.0161290322580645e-03
1.8382352941176470e-03
6.6666666666666666e-02
1.8382352941176470e-03
2.0202020202020202e-03
4.2372881355932203e-03
5.9880239520958087e-03
4.0485829959514170e-03
4.0485829959514170e-03
1.9646365422396855e-03
1.9646365422396855e-03
1.9646365422396855e-03
1.9646365422396855e-03
2.3255813953488372e-02
2.0202020202020202e-03
4.2372881355932203e-03
1.1111111111111110e-01
5.0000000000000000e-01
7.2463768115942030e-03
1.9011406844106464e-03
1.4705882352941176e-02
1.9011406844106464e-03
8.6956521739130436e-03
1.0000000000000000e+00
2.1929824561403508e-03
1.7857142857142856e-02
4.5662100456621002e-03
8.7719298245614030e-03
3.0395136778115501e-03
8.7719298245614030e-03
2.0746887966804979e-03
5.0000000000000000e-01
6.4102564102564100e-03
9.0090090090090089e-03
1.0000000000000000e+00
3.2894736842105261e-03
8.7719298245614030e-03
1.9011406844106464e-03
2.5000000000000000e-01
1.8382352941176470e-03
2.2222222222222223e-02
1.8382352941176470e-03
2.0120724346076460e-03
4.3478260869565216e-02
4.5662100456621002e-03
8.7719298245614030e-03
3.2894736842105261e-03
3.3333333333333331e-01
5.0000000000000000e-01
1.4705882352941176e-02
1.0752688172043012e-02
3.2894736842105261e-03
1.9011406844106464e-03
3.3333333333333331e-01
5.0000000000000000e-01
1.0000000000000000e+00
5.0000000000000000e-01
4.5662100456621002e-03
4.5662100456621002e-03
8.6956521739130436e-03
1.8382352941176470e-03
8.3333333333333332e-03
2.3584905660377358e-03
2.1739130434782609e-03
2.8985507246376812e-03
1.9646365422396855e-03
1.9607843137254902e-02
6.7567567567567571e-03
6.7114093959731542e-03
2.1052631578947368e-03
2.6315789473684209e-02
3.9370078740157480e-03
8.9285714285714281e-03
5.0000000000000000e-01
3.2894736842105261e-03
2.6315789473684209e-02
6.4102564102564100e-03
5.0000000000000000e-01
5.0000000000000000e-01
1.0000000000000000e+00
1.9646365422396855e-03
2.1052631578947368e-03
5.0000000000000000e-01
5.0000000000000000e-01
2.3201856148491878e-03
2.8985507246376812e-03
8.8495575221238937e-03
4.9504950495049506e-03
4.8780487804878049e-03
2.1276595744680851e-03
1.9880715705765406e-03
7.1428571428571425e-02
4.8780487804878049e-03
2.1052631578947368e-03
6.5789473684210523e-03
3.3444816053511705e-03
8.7719298245614030e-03
4.0000000000000001e-02
1.0000000000000000e+00
3.3333333333333331e-01
5.0000000000000000e-01
2.8490028490028491e-03
6.1349693251533744e-03
8.1300813008130090e-03
3.1645569620253164e-03
0.0
0.0
1.7857142857142856e-02
2.5000000000000000e-01
3.3333333333333331e-01
5.0000000000000000e-01
1.0000000000000000e+00
2.5000000000000000e-01
1.0000000000000000e+00
1.0000000000000000e+00
5.0000000000000000e-01
5.0000000000000000e-01
4.5454545454545456e-02
2.8985507246376812e-03
4.5454545454545456e-02
4.5454545454545456e-02
4.5454545454545456e-02
4.5454545454545456e-02
4.5454545454545456e-02
4.5454545454545456e-02
4.5454545454545456e-02
4.5454545454545456e-02
4.5454545454545456e-02
4.5454545454545456e-02
4.5454545454545456e-02
7.1428571428571426e-03
2.5000000000000000e-01
3.3333333333333331e-01
7.1428571428571426e-03
2.0000000000000000e-03
6.3291139240506328e-03
4.5454545454545456e-02
2.8490028490028491e-03
8.8495575221238937e-03
4.5454545454545456e-02
4.5454545454545456e-02
4.5454545454545456e-02
4.5454545454545456e-02
4.5454545454545456e-02
4.5454545454545456e-02
4.9751243781094526e-03
2.8985507246376812e-03
9.3457943925233638e-03
4.5454545454545456e-02
2.3148148148148147e-03
5.1813471502590676e-03
4.2372881355932203e-03
6.5789473684210523e-03
4.9751243781094526e-03
2.0000000000000001e-01
4.5454545454545456e-02
3.3112582781456954e-03
8.7719298245614030e-03
2.8490028490028491e-03
8.8495575221238937e-03
2.0202020202020202e-03
6.5789473684210523e-03
4.5454545454545456e-02
5.0000000000000000e-01
1.0000000000000000e+00
2.8490028490028491e-03
8.8495575221238937e-03
3.5971223021582736e-03
2.5000000000000000e-01
3.3333333333333331e-01
2.2573363431151240e-03
2.0408163265306121e-02
2.0833333333333333e-03
4.2372881355932203e-03
6.7114093959731542e-03
1.9011406844106464e-03
8.2644628099173556e-03
2.5000000000000000e-01
1.0000000000000000e+00
2.8985507246376812e-03
8.7719298245614030e-03
2.8490028490028491e-03
7.0422535211267607e-03
1.0000000000000000e+00
1.0000000000000000e+00
1.8382352941176470e-03
1.0000000000000000e+00
2.5000000000000000e-01
2.5000000000000000e-01
5.0000000000000000e-01
2.0000000000000001e-01
2.8985507246376812e-03
8.7719298245614030e-03
6.3291139240506328e-03
1.9011406844106464e-03
4.2372881355932203e-03
6.3291139240506328e-03
4.2372881355932203e-03
1.9011406844106464e-03
6.7114093959731542e-03
6.7114093959731542e-03
6.7114093959731542e-03
2.6178010471204190e-03
1.0000000000000000e+00
1.0000000000000000e+00
1.0000000000000000e+00
1.0000000000000000e+00
3.3333333333333331e-01
8.6956521739130436e-03
2.5000000000000001e-02
4.2372881355932203e-03
6.7114093959731542e-03
5.0000000000000000e-01
3.3333333333333331e-01
6.8027210884353739e-03
3.3112582781456954e-03
3.3112582781456954e-03
4.9751243781094526e-03
2.0000000000000001e-01
1.0000000000000000e+00
3.3333333333333331e-01
1.0000000000000000e+00
3.3333333333333331e-01
6.7114093959731542e-03
3.1152647975077881e-03
8.3333333333333329e-02
5.0000000000000000e-01
5.0000000000000000e-01
5.0000000000000000e-01
1.0000000000000000e+00
2.1052631578947368e-03
1.0000000000000000e+00
1.0000000000000000e+00
4.2372881355932203e-03
2.2172949002217295e-03
1.5151515151515152e-02
2.6246719160104987e-03
1.9011406844106464e-03
8.2644628099173556e-03
1.0000000000000000e+00
1.0000000000000000e+00
6.3291139240506328e-03
1.9011406844106464e-03
8.3333333333333332e-03
4.9751243781094526e-03
1.0000000000000000e+00
1.0000000000000000e+00
1.0000000000000000e+00
2.8985507246376812e-03
1.3513513513513514e-02
1.0000000000000000e+00
1.0000000000000000e+00
2.0000000000000001e-01
1.0000000000000000e+00
2.0000000000000001e-01
3.3333333333333331e-01
6.5789473684210523e-03
3.2894736842105261e-03
8.6956521739130436e-03
8.9285714285714281e-03
3.3333333333333331e-01
2.8985507246376812e-03
8.8495575221238937e-03
1.9011406844106464e-03
8.2644628099173556e-03
4.7846889952153108e-03
2.2727272727272726e-03
8.3333333333333329e-02
1.9011406844106464e-03
8.2644628099173556e-03
2.0833333333333333e-03
8.6206896551724137e-03
1.9011406844106464e-03
8.2644628099173556e-03
2.0833333333333333e-03
8.6206896551724137e-03
6.7114093959731542e-03
1.9646365422396855e-03
8.6206896551724137e-03
5.0000000000000000e-01
1.9920318725099601e-03
7.1428571428571425e-02
2.0833333333333332e-02
7.1428571428571425e-02
5.0000000000000000e-01
2.0833333333333333e-03
8.6206896551724137e-03
1.9646365422396855e-03
8.6206896551724137e-03
3.4965034965034965e-03
2.3752969121140144e-03
6.7114093959731542e-03
3.1152647975077881e-03
2.0161290322580645e-03
3.4129692832764505e-03
1.9083969465648854e-03
8.2644628099173556e-03
1.7857142857142856e-02
1.6949152542372881e-02
1.9011406844106464e-03
8.2644628099173556e-03
3.3333333333333331e-01
1.0000000000000000e+00
2.0703933747412010e-03
1.0000000000000000e+00
2.0000000000000001e-01
3.3333333333333331e-01
2.6246719160104987e-03
1.8382352941176470e-03
8.2644628099173556e-03
1.8382352941176470e-03
8.2644628099173556e-03
4.1841004184100415e-03
3.7878787878787880e-03
1.0000000000000000e+00
3.3112582781456954e-03
5.0000000000000000e-01
1.8382352941176470e-03
8.2644628099173556e-03
3.5971223021582736e-03
3.7593984962406013e-03
1.5873015873015872e-02
1.4285714285714285e-01
3.3112582781456954e-03
8.2644628099173556e-03
2.7624309392265192e-03
1.0000000000000000e+00
1.5625000000000000e-02
1.0000000000000001e-01
2.0000000000000000e-03
4.6511627906976744e-03
3.7878787878787880e-03
4.6082949308755760e-03
3.7593984962406013e-03
4.6082949308755760e-03
3.7593984962406013e-03
2.0000000000000001e-01
1.0000000000000000e+00
1.0000000000000000e+00
3.8910505836575876e-03
3.7593984962406013e-03
1.7241379310344827e-02
3.0303030303030303e-03
3.4722222222222220e-03
4.7619047619047623e-03
3.7593984962406013e-03
3.8910505836575876e-03
3.7593984962406013e-03
1.0000000000000000e+00
1.8382352941176470e-03
8.2644628099173556e-03
6.7114093959731542e-03
2.0920502092050207e-03
2.0000000000000000e-03
2.1231422505307855e-03
8.6206896551724137e-03
3.8910505836575876e-03
3.7593984962406013e-03
1.0000000000000000e+00
1.0000000000000000e+00
3.4364261168384879e-03
8.4033613445378148e-03
1.0000000000000000e+00
6.4102564102564100e-03
8.7719298245614030e-03
1.5625000000000000e-02
3.8910505836575876e-03
3.7593984962406013e-03
3.8910505836575876e-03
3.7593984962406013e-03
1.0000000000000000e+00
3.8910505836575876e-03
3.7593984962406013e-03
5.2083333333333330e-03
3.7878787878787880e-03
3.8910505836575876e-03
3.7593984962406013e-03
3.8910505836575876e-03
3.7593984962406013e-03
6.7114093959731542e-03
3.8910505836575876e-03
3.7593984962406013e-03
3.1152647975077881e-03
3.9215686274509803e-03
3.7735849056603774e-03
1.5625000000000000e-02
5.0000000000000000e-01
4.7619047619047623e-03
3.7593984962406013e-03
4.7619047619047623e-03
3.7593984962406013e-03
4.7619047619047623e-03
3.7593984962406013e-03
4.7619047619047623e-03
3.7593984962406013e-03
1.6129032258064516e-02
1.2500000000000000e-01
3.8910505836575876e-03
3.7593984962406013e-03
3.8910505836575876e-03
3.7593984962406013e-03
3.8910505836575876e-03
3.7593984962406013e-03
5.0000000000000000e-01
3.8910505836575876e-03
3.7593984962406013e-03
3.8910505836575876e-03
3.7593984962406013e-03
3.8910505836575876e-03
3.7593984962406013e-03
1.5625000000000000e-02
3.6101083032490976e-03
3.7593984962406013e-03
3.8910505836575876e-03
3.7593984962406013e-03
3.8910505836575876e-03
3.7593984962406013e-03
3.8910505836575876e-03
3.7593984962406013e-03
3.8910505836575876e-03
3.7593984962406013e-03
6.2893081761006293e-03
3.8910505836575876e-03
3.7593984962406013e-03
3.8910505836575876e-03
3.7593984962406013e-03
4.2372881355932203e-03
7.0422535211267607e-03
4.0650406504065045e-03
3.7735849056603774e-03
1.5873015873015872e-02
1.2500000000000000e-01
8.8495575221238937e-03
1.5625000000000000e-02
1.6666666666666666e-01
1.0000000000000000e+00
1.0000000000000000e+00
1.5384615384615385e-02
1.9646365422396855e-03
2.6246719160104987e-03
3.3333333333333331e-01
3.3333333333333331e-01
3.6101083032490976e-03
3.7593984962406013e-03
5.0000000000000000e-01
3.5971223021582736e-03
3.7593984962406013e-03
1.5625000000000000e-02
1.0000000000000001e-01
3.7313432835820895e-03
3.7593984962406013e-03
1.8181818181818181e-02
2.0000000000000001e-01
3.6101083032490976e-03
3.7593984962406013e-03
1.6666666666666666e-01
3.7174721189591076e-03
3.7735849056603774e-03
1.6666666666666666e-01
3.9062500000000000e-03
3.7593984962406013e-03
1.5625000000000000e-02
3.6101083032490976e-03
3.7593984962406013e-03
1.0000000000000000e+00
3.6101083032490976e-03
3.7593984962406013e-03
3.6101083032490976e-03
3.7593984962406013e-03
3.6101083032490976e-03
3.7593984962406013e-03
2.0202020202020202e-03
3.6101083032490976e-03
3.7593984962406013e-03
3.6101083032490976e-03
3.7593984962406013e-03
3.6101083032490976e-03
3.7593984962406013e-03
3.6101083032490976e-03
3.7593984962406013e-03
3.6101083032490976e-03
3.7593984962406013e-03
3.6101083032490976e-03
3.7593984962406013e-03
3.6101083032490976e-03
3.7593984962406013e-03
1.5384615384615385e-02
3.9062500000000000e-03
3.7593984962406013e-03
3.9062500000000000e-03
3.7593984962406013e-03
3.6101083032490976e-03
3.7593984962406013e-03
3.5971223021582736e-03
3.7593984962406013e-03
3.5971223021582736e-03
3.7593984962406013e-03
2.0000000000000001e-01
1.5625000000000000e-02
5.0000000000000000e-01
4.0650406504065045e-03
3.7735849056603774e-03
3.7037037037037038e-03
3.7735849056603774e-03
3.7037037037037038e-03
3.7735849056603774e-03
3.9215686274509803e-03
3.7735849056603774e-03
3.7037037037037038e-03
3.7735849056603774e-03
3.5971223021582736e-03
3.7593984962406013e-03
2.0202020202020202e-03
3.3333333333333331e-01
3.3333333333333331e-01
1.5625000000000000e-02
3.5971223021582736e-03
3.7593984962406013e-03
3.7037037037037038e-03
3.7735849056603774e-03
3.7037037037037038e-03
3.7735849056603774e-03
3.7037037037037038e-03
3.7735849056603774e-03
1.5625000000000000e-02
1.5625000000000000e-02
3.5971223021582736e-03
3.7593984962406013e-03
3.6101083032490976e-03
3.7593984962406013e-03
3.5971223021582736e-03
3.7593984962406013e-03
3.6101083032490976e-03
3.7593984962406013e-03
3.5971223021582736e-03
3.7593984962406013e-03
3.6101083032490976e-03
3.7593984962406013e-03
3.6101083032490976e-03
3.7593984962406013e-03
3.5971223021582736e-03
3.7593984962406013e-03
3.6101083032490976e-03
3.7593984962406013e-03
3.6101083032490976e-03
3.7593984962406013e-03
1.5625000000000000e-02
3.6101083032490976e-03
3.7593984962406013e-03
3.5971223021582736e-03
3.7593984962406013e-03
1.5625000000000000e-02
3.5971223021582736e-03
3.7593984962406013e-03
3.5971223021582736e-03
3.7593984962406013e-03
3.5971223021582736e-03
3.7593984962406013e-03
3.5971223021582736e-03
3.7593984962406013e-03
3.5971223021582736e-03
3.7593984962406013e-03
3.7313432835820895e-03
3.7593984962406013e-03
3.5971223021582736e-03
3.7593984962406013e-03
3.5971223021582736e-03
3.7593984962406013e-03
3.7313432835820895e-03
3.7593984962406013e-03
3.5971223021582736e-03
3.7593984962406013e-03
3.5971223021582736e-03
3.7593984962406013e-03
1.5625000000000000e-02
3.5971223021582736e-03
3.7593984962406013e-03
3.6101083032490976e-03
3.7593984962406013e-03
3.5971223021582736e-03
3.7593984962406013e-03
3.5971223021582736e-03
3.7593984962406013e-03
3.5971223021582736e-03
3.7593984962406013e-03
3.5971223021582736e-03
3.7593984962406013e-03
3.5971223021582736e-03
3.7593984962406013e-03
3.5971223021582736e-03
3.7593984962406013e-03
6.7114093959731542e-03
1.0000000000000000e+00
1.5873015873015872e-02
3.5971223021582736e-03
3.7593984962406013e-03
3.5971223021582736e-03
3.7593984962406013e-03
1.5625000000000000e-02
1.5384615384615385e-02
1.5625000000000000e-02
1.5625000000000000e-02
3.7313432835820895e-03
3.7735849056603774e-03
3.7313432835820895e-03
3.7735849056603774e-03
3.7313432835820895e-03
3.7735849056603774e-03
3.7313432835820895e-03
3.7735849056603774e-03
3.7313432835820895e-03
3.7735849056603774e-03
3.7313432835820895e-03
3.7735849056603774e-03
3.7313432835820895e-03
3.7735849056603774e-03
3.7313432835820895e-03
3.7735849056603774e-03
3.6101083032490976e-03
3.7593984962406013e-03
3.6101083032490976e-03
3.7593984962406013e-03
3.7313432835820895e-03
3.7593984962406013e-03
3.7313432835820895e-03
3.7735849056603774e-03
3.7313432835820895e-03
3.7313432835820895e-03
3.7313432835820895e-03
3.7735849056603774e-03
3.7313432835820895e-03
3.7735849056603774e-03
3.7313432835820895e-03
3.7313432835820895e-03
3.7735849056603774e-03
3.7313432835820895e-03
3.7313432835820895e-03
3.7313432835820895e-03
3.2258064516129031e-02
1.5625000000000000e-02
1.7543859649122806e-02
2.5000000000000000e-01
2.0000000000000001e-01
3.7313432835820895e-03
3.7593984962406013e-03
1.5384615384615385e-02
3.8461538461538464e-03
3.7593984962406013e-03
1.2987012987012988e-02
3.5971223021582736e-03
3.7593984962406013e-03
3.7735849056603774e-03
3.7735849056603774e-03
1.5625000000000000e-02
3.6101083032490976e-03
4.7619047619047623e-03
3.6101083032490976e-03
3.7593984962406013e-03
3.6101083032490976e-03
3.7593984962406013e-03
5.0000000000000000e-01
3.6101083032490976e-03
3.7593984962406013e-03
3.6101083032490976e-03
3.7593984962406013e-03
3.6101083032490976e-03
3.7593984962406013e-03
3.6101083032490976e-03
3.7593984962406013e-03
3.8461538461538464e-03
3.7593984962406013e-03
3.6363636363636364e-03
3.7593984962406013e-03
3.8461538461538464e-03
3.7593984962406013e-03
1.6129032258064516e-02
2.5000000000000000e-01
1.8867924528301886e-02
3.5971223021582736e-03
3.7593984962406013e-03
3.8461538461538464e-03
3.7593984962406013e-03
1.5625000000000000e-02
3.8461538461538464e-03
3.7593984962406013e-03
1.2987012987012988e-02
4.0650406504065045e-03
1.5625000000000000e-02
3.8461538461538464e-03
3.7593984962406013e-03
3.7313432835820895e-03
3.7593984962406013e-03
1.5625000000000000e-02
3.8461538461538464e-03
3.7593984962406013e-03
3.7313432835820895e-03
3.7593984962406013e-03
2.0202020202020202e-03
3.8461538461538464e-03
3.7593984962406013e-03
1.5873015873015872e-02
1.5625000000000000e-02
4.0650406504065045e-03
3.7593984962406013e-03
3.7735849056603774e-03
1.5625000000000000e-02
4.0650406504065045e-03
4.0650406504065045e-03
3.5971223021582736e-03
3.7593984962406013e-03
3.5971223021582736e-03
3.7593984962406013e-03
1.0000000000000000e+00
3.5971223021582736e-03
3.7593984962406013e-03
3.3333333333333331e-01
3.3333333333333331e-01
3.7313432835820895e-03
3.7593984962406013e-03
3.7735849056603774e-03
3.7735849056603774e-03
3.5971223021582736e-03
3.7593984962406013e-03
3.5971223021582736e-03
3.7593984962406013e-03
4.2372881355932203e-03
1.5873015873015872e-02
3.5971223021582736e-03
3.7593984962406013e-03
3.5971223021582736e-03
3.7593984962406013e-03
3.5971223021582736e-03
3.7593984962406013e-03
3.5971223021582736e-03
3.7593984962406013e-03
3.7313432835820895e-03
3.7593984962406013e-03
3.5971223021582736e-03
3.7593984962406013e-03
1.7543859649122806e-02
1.6666666666666666e-01
1.5625000000000000e-02
3.5971223021582736e-03
3.7593984962406013e-03
3.5971223021582736e-03
3.7593984962406013e-03
3.7735849056603774e-03
3.7735849056603774e-03
3.5971223021582736e-03
3.7593984962406013e-03
3.7313432835820895e-03
3.7593984962406013e-03
6.2893081761006293e-03
3.5971223021582736e-03
3.7593984962406013e-03
1.5625000000000000e-02
3.5971223021582736e-03
3.7593984962406013e-03
1.5384615384615385e-02
3.7313432835820895e-03
3.7593984962406013e-03
3.7735849056603774e-03
3.7735849056603774e-03
3.5971223021582736e-03
3.7593984962406013e-03
3.5971223021582736e-03
3.7593984962406013e-03
6.0606060606060606e-03
3.7735849056603774e-03
6.0606060606060606e-03
3.7735849056603774e-03
3.5971223021582736e-03
3.7593984962406013e-03
3.5971223021582736e-03
3.7593984962406013e-03
3.7735849056603774e-03
3.7735849056603774e-03
3.7735849056603774e-03
3.7735849056603774e-03
3.7735849056603774e-03
3.7735849056603774e-03
3.7735849056603774e-03
3.7735849056603774e-03
6.0606060606060606e-03
3.7735849056603774e-03
6.0606060606060606e-03
3.7735849056603774e-03
6.0606060606060606e-03
3.7735849056603774e-03
3.5971223021582736e-03
3.7593984962406013e-03
3.7313432835820895e-03
3.7593984962406013e-03
6.0606060606060606e-03
3.7735849056603774e-03
3.7735849056603774e-03
3.7735849056603774e-03
3.7735849056603774e-03
3.7735849056603774e-03
6.0606060606060606e-03
3.7735849056603774e-03
6.0606060606060606e-03
3.7735849056603774e-03
1.5625000000000000e-02
6.0606060606060606e-03
3.7735849056603774e-03
3.6363636363636364e-03
3.7593984962406013e-03
3.5971223021582736e-03
3.7593984962406013e-03
1.5625000000000000e-02
3.7313432835820895e-03
3.7593984962406013e-03
3.7313432835820895e-03
3.7593984962406013e-03
4.0650406504065045e-03
3.7735849056603774e-03
1.5625000000000000e-02
3.7593984962406013e-03
1.5384615384615385e-02
1.5625000000000000e-02
1.0000000000000000e+00
3.7313432835820895e-03
3.7593984962406013e-03
3.7313432835820895e-03
3.7593984962406013e-03
1.6666666666666666e-02
1.0000000000000000e+00
1.0000000000000001e-01
6.7114093959731542e-03
1.7543859649122806e-02
3.7313432835820895e-03
3.7593984962406013e-03
1.6666666666666666e-02
1.6129032258064516e-02
1.1111111111111110e-01
3.7313432835820895e-03
3.7593984962406013e-03
3.7313432835820895e-03
3.7593984962406013e-03
3.5971223021582736e-03
3.7593984962406013e-03
3.5971223021582736e-03
3.7593984962406013e-03
3.7313432835820895e-03
3.7593984962406013e-03
3.5971223021582736e-03
3.7593984962406013e-03
1.6666666666666666e-01
3.7313432835820895e-03
3.7593984962406013e-03
3.7313432835820895e-03
3.7593984962406013e-03
3.7313432835820895e-03
3.7593984962406013e-03
3.7313432835820895e-03
3.7593984962406013e-03
4.2372881355932203e-03
3.7313432835820895e-03
3.7593984962406013e-03
3.7313432835820895e-03
3.7593984962406013e-03
3.7313432835820895e-03
3.7593984962406013e-03
3.7313432835820895e-03
3.7593984962406013e-03
3.5971223021582736e-03
3.7593984962406013e-03
1.6666666666666666e-02
3.7593984962406013e-03
3.7735849056603774e-03
3.7313432835820895e-03
3.7593984962406013e-03
2.0000000000000001e-01
3.7593984962406013e-03
3.7735849056603774e-03
3.7313432835820895e-03
3.7593984962406013e-03
5.0000000000000000e-01
3.7313432835820895e-03
3.7593984962406013e-03
5.0000000000000000e-01
3.7313432835820895e-03
3.7593984962406013e-03
3.7313432835820895e-03
3.7593984962406013e-03
3.5971223021582736e-03
3.7593984962406013e-03
3.7313432835820895e-03
3.7593984962406013e-03
3.5971223021582736e-03
3.7593984962406013e-03
3.7313432835820895e-03
3.7593984962406013e-03
3.7313432835820895e-03
3.7593984962406013e-03
3.7593984962406013e-03
3.7735849056603774e-03
1.5625000000000000e-02
3.5971223021582736e-03
3.7593984962406013e-03
3.7313432835820895e-03
3.7593984962406013e-03
1.6666666666666666e-01
1.7241379310344827e-02
7.6923076923076927e-03
3.8167938931297708e-03
1.5625000000000000e-02
1.5873015873015872e-02
1.5625000000000000e-02
4.8076923076923080e-03
3.7593984962406013e-03
4.8076923076923080e-03
3.7593984962406013e-03
3.5971223021582736e-03
3.7593984962406013e-03
3.7593984962406013e-03
3.7735849056603774e-03
3.5971223021582736e-03
3.7593984962406013e-03
1.5873015873015872e-02
1.0000000000000001e-01
1.7241379310344827e-02
3.7593984962406013e-03
3.7735849056603774e-03
3.5971223021582736e-03
3.7593984962406013e-03
3.5971223021582736e-03
3.7593984962406013e-03
3.5971223021582736e-03
3.7593984962406013e-03
3.5971223021582736e-03
3.7593984962406013e-03
3.5971223021582736e-03
3.7593984962406013e-03
3.5971223021582736e-03
3.7593984962406013e-03
3.5971223021582736e-03
3.7593984962406013e-03
3.9215686274509803e-03
3.7735849056603774e-03
3.5335689045936395e-03
3.6101083032490976e-03
3.7593984962406013e-03
3.6101083032490976e-03
3.7593984962406013e-03
3.9215686274509803e-03
3.7735849056603774e-03
3.6101083032490976e-03
3.7593984962406013e-03
3.7593984962406013e-03
3.7735849056603774e-03
3.5971223021582736e-03
3.7593984962406013e-03
3.6101083032490976e-03
3.7593984962406013e-03
3.9215686274509803e-03
1.6666666666666666e-02
1.6666666666666666e-01
3.5971223021582736e-03
3.7593984962406013e-03
1.5384615384615385e-02
3.5971223021582736e-03
3.7593984962406013e-03
3.5971223021582736e-03
3.7593984962406013e-03
3.5971223021582736e-03
3.7593984962406013e-03
3.5971223021582736e-03
3.7593984962406013e-03
5.0000000000000000e-01
3.5971223021582736e-03
3.7593984962406013e-03
1.5625000000000000e-02
3.5971223021582736e-03
3.7593984962406013e-03
3.5971223021582736e-03
3.7593984962406013e-03
1.0000000000000000e+00
3.5971223021582736e-03
3.7593984962406013e-03
3.5971223021582736e-03
3.7593984962406013e-03
3.5971223021582736e-03
3.7593984962406013e-03
3.5971223021582736e-03
3.7593984962406013e-03
3.5971223021582736e-03
3.7593984962406013e-03
5.0000000000000000e-01
3.5971223021582736e-03
3.7593984962406013e-03
3.5971223021582736e-03
3.7593984962406013e-03
3.5971223021582736e-03
3.7593984962406013e-03
3.5971223021582736e-03
3.7593984962406013e-03
3.5971223021582736e-03
3.7593984962406013e-03
3.5971223021582736e-03
3.7593984962406013e-03
4.0650406504065045e-03
3.7878787878787880e-03
3.5971223021582736e-03
3.7593984962406013e-03
1.5625000000000000e-02
3.5971223021582736e-03
3.7593984962406013e-03
3.5971223021582736e-03
3.7593984962406013e-03
3.5971223021582736e-03
3.7593984962406013e-03
1.6129032258064516e-02
3.5971223021582736e-03
3.7593984962406013e-03
