3.3333333333333331e-01
2.8011204481792717e-03
1.1389521640091116e-03
8.1103000811030010e-04
9.9403578528827028e-04
1.2674271229404308e-03
1.2674271229404308e-03
2.8011204481792717e-03
1.5290519877675841e-03
1.0857763300760044e-03
8.0645161290322581e-04
9.9403578528827028e-04
1.2674271229404308e-03
2.8011204481792717e-03
1.5290519877675841e-03
1.0857763300760044e-03
1.0857763300760044e-03
9.9403578528827028e-04
1.0881392818280740e-03
2.8011204481792717e-03
1.5290519877675841e-03
1.1248593925759281e-03
9.9403578528827028e-04
9.9403578528827028e-04
1.2674271229404308e-03
6.6666666666666666e-02
8.3333333333333329e-02
2.6109660574412533e-03
2.3809523809523812e-03
2.3809523809523812e-03
2.4096385542168677e-03
6.6666666666666666e-02
8.3333333333333329e-02
2.6109660574412533e-03
4.0000000000000001e-02
2.6109660574412533e-03
2.4096385542168677e-03
7.6923076923076927e-02
5.0000000000000000e-01
9.0909090909090912e-02
1.9230769230769232e-02
2.4154589371980675e-03
2.4937655860349127e-03
7.6923076923076927e-02
5.0000000000000000e-01
9.0909090909090912e-02
1.9230769230769232e-02
2.4154589371980675e-03
2.4937655860349127e-03
2.8011204481792717e-03
1.1467889908256881e-03
8.0840743734842356e-04
9.9403578528827028e-04
1.2674271229404308e-03
2.8011204481792717e-03
1.1376564277588168e-03
8.1103000811030010e-04
9.9403578528827028e-04
1.2674271229404308e-03
2.8011204481792717e-03
1.1467889908256881e-03
8.0645161290322581e-04
8.0775444264943462e-04
1.2674271229404308e-03
2.8011204481792717e-03
1.1467889908256881e-03
8.1103000811030010e-04
9.9403578528827028e-04
1.2674271229404308e-03
2.7855153203342618e-03
1.5290519877675841e-03
8.1103000811030010e-04
9.9403578528827028e-04
1.2674271229404308e-03
2.8011204481792717e-03
1.1376564277588168e-03
8.1103000811030010e-04
9.9403578528827028e-04
1.2674271229404308e-03
2.8011204481792717e-03
1.1467889908256881e-03
8.1103000811030010e-04
9.9403578528827028e-04
1.2674271229404308e-03
2.8011204481792717e-03
1.1467889908256881e-03
8.1103000811030010e-04
9.9403578528827028e-04
1.2674271229404308e-03
2.8011204481792717e-03
1.5290519877675841e-03
1.0857763300760044e-03
9.9403578528827028e-04
1.2674271229404308e-03
2.8011204481792717e-03
1.1467889908256881e-03
1.0905125408942203e-03
9.9403578528827028e-04
1.2674271229404308e-03
2.8011204481792717e-03
1.1376564277588168e-03
8.1103000811030010e-04
9.9403578528827028e-04
1.2674271229404308e-03
2.8011204481792717e-03
1.1376564277588168e-03
8.1103000811030010e-04
9.9403578528827028e-04
1.2674271229404308e-03
2.8011204481792717e-03
1.1376564277588168e-03
8.1103000811030010e-04
9.9403578528827028e-04
1.2674271229404308e-03
2.8011204481792717e-03
1.1376564277588168e-03
8.1103000811030010e-04
9.9403578528827028e-04
1.2674271229404308e-03
2.8011204481792717e-03
1.1376564277588168e-03
8.1103000811030010e-04
9.9403578528827028e-04
1.2674271229404308e-03
2.8011204481792717e-03
1.1376564277588168e-03
8.1103000811030010e-04
9.9403578528827028e-04
1.2674271229404308e-03
2.8011204481792717e-03
1.1376564277588168e-03
8.1103000811030010e-04
9.9403578528827028e-04
1.2674271229404308e-03
2.8011204481792717e-03
1.1376564277588168e-03
8.1103000811030010e-04
9.9403578528827028e-04
1.2674271229404308e-03
2.8011204481792717e-03
1.1376564277588168e-03
8.1103000811030010e-04
9.9403578528827028e-04
1.2674271229404308e-03
2.8011204481792717e-03
1.1376564277588168e-03
8.1103000811030010e-04
9.9403578528827028e-04
1.2674271229404308e-03
2.8011204481792717e-03
1.1376564277588168e-03
8.1103000811030010e-04
9.9403578528827028e-04
1.2674271229404308e-03
2.8011204481792717e-03
1.1376564277588168e-03
8.1103000811030010e-04
9.9403578528827028e-04
1.2674271229404308e-03
2.8011204481792717e-03
1.1376564277588168e-03
8.1103000811030010e-04
9.9403578528827028e-04
1.2674271229404308e-03
2.8011204481792717e-03
1.1376564277588168e-03
8.1103000811030010e-04
9.9403578528827028e-04
1.2674271229404308e-03
2.8011204481792717e-03
1.1467889908256881e-03
1.0905125408942203e-03
8.0580177276390005e-04
1.2674271229404308e-03
2.8011204481792717e-03
1.5290519877675841e-03
8.2169268693508624e-04
9.9403578528827028e-04
1.2674271229404308e-03
2.8011204481792717e-03
1.1467889908256881e-03
8.0580177276390005e-04
9.9403578528827028e-04
1.2674271229404308e-03
2.8011204481792717e-03
1.5290519877675841e-03
1.0905125408942203e-03
9.9403578528827028e-04
1.2674271229404308e-03
2.8011204481792717e-03
1.1467889908256881e-03
8.1103000811030010e-04
9.9403578528827028e-04
1.2674271229404308e-03
2.8011204481792717e-03
1.1467889908256881e-03
8.1103000811030010e-04
9.9403578528827028e-04
1.2674271229404308e-03
2.8011204481792717e-03
1.5290519877675841e-03
1.0905125408942203e-03
9.9403578528827028e-04
1.2674271229404308e-03
2.8011204481792717e-03
1.1467889908256881e-03
8.0645161290322581e-04
8.0840743734842356e-04
1.2674271229404308e-03
2.8011204481792717e-03
1.1534025374855825e-03
8.1103000811030010e-04
9.9403578528827028e-04
1.2674271229404308e-03
2.8011204481792717e-03
1.5290519877675841e-03
1.0857763300760044e-03
9.9403578528827028e-04
1.0799136069114472e-03
2.8011204481792717e-03
1.5290519877675841e-03
1.0905125408942203e-03
9.9403578528827028e-04
1.2674271229404308e-03
2.8011204481792717e-03
1.1376564277588168e-03
8.1366965012205042e-04
9.9403578528827028e-04
1.2674271229404308e-03
2.8011204481792717e-03
1.5290519877675841e-03
1.0905125408942203e-03
9.9403578528827028e-04
1.2674271229404308e-03
2.8011204481792717e-03
1.5290519877675841e-03
1.0905125408942203e-03
9.9403578528827028e-04
1.2674271229404308e-03
2.8011204481792717e-03
1.1376564277588168e-03
8.1103000811030010e-04
9.9403578528827028e-04
1.3089005235602095e-03
2.8011204481792717e-03
1.5290519877675841e-03
1.0905125408942203e-03
9.9403578528827028e-04
1.2674271229404308e-03
2.8011204481792717e-03
1.5290519877675841e-03
1.0905125408942203e-03
9.9403578528827028e-04
1.2674271229404308e-03
2.8011204481792717e-03
1.1428571428571429e-03
8.2169268693508624e-04
9.9403578528827028e-04
1.2674271229404308e-03
2.8011204481792717e-03
1.5290519877675841e-03
1.0905125408942203e-03
9.9403578528827028e-04
1.2674271229404308e-03
2.8011204481792717e-03
1.1428571428571429e-03
8.2169268693508624e-04
9.9403578528827028e-04
1.2674271229404308e-03
2.8011204481792717e-03
1.5290519877675841e-03
1.0905125408942203e-03
9.9403578528827028e-04
1.2674271229404308e-03
2.8169014084507044e-03
1.0989010989010989e-03
8.0971659919028337e-04
9.9403578528827028e-04
1.2674271229404308e-03
2.8011204481792717e-03
1.5290519877675841e-03
1.0905125408942203e-03
9.9403578528827028e-04
1.2674271229404308e-03
2.8011204481792717e-03
1.5290519877675841e-03
1.0905125408942203e-03
9.9403578528827028e-04
1.2674271229404308e-03
2.7932960893854749e-03
1.5290519877675841e-03
8.1103000811030010e-04
1.0298661174047373e-03
1.2674271229404308e-03
2.8011204481792717e-03
1.5290519877675841e-03
1.0905125408942203e-03
9.9403578528827028e-04
1.2674271229404308e-03
2.8011204481792717e-03
1.5290519877675841e-03
8.0840743734842356e-04
1.0183299389002036e-03
1.2674271229404308e-03
2.8011204481792717e-03
1.5290519877675841e-03
8.1103000811030010e-04
8.0580177276390005e-04
1.2674271229404308e-03
2.8011204481792717e-03
1.5290519877675841e-03
8.1103000811030010e-04
1.0298661174047373e-03
1.2674271229404308e-03
2.8011204481792717e-03
1.5290519877675841e-03
1.0857763300760044e-03
8.0580177276390005e-04
1.0799136069114472e-03
2.8011204481792717e-03
1.1467889908256881e-03
1.0905125408942203e-03
9.9403578528827028e-04
1.2674271229404308e-03
2.8011204481792717e-03
1.1467889908256881e-03
1.0905125408942203e-03
9.9403578528827028e-04
1.2674271229404308e-03
2.8011204481792717e-03
1.1467889908256881e-03
1.0905125408942203e-03
9.9403578528827028e-04
1.2674271229404308e-03
2.8011204481792717e-03
1.1467889908256881e-03
1.0905125408942203e-03
9.9403578528827028e-04
1.2674271229404308e-03
2.8011204481792717e-03
1.5290519877675841e-03
1.0905125408942203e-03
9.9403578528827028e-04
1.2674271229404308e-03
2.8011204481792717e-03
1.5290519877675841e-03
1.0905125408942203e-03
9.9403578528827028e-04
1.2674271229404308e-03
2.7932960893854749e-03
1.5290519877675841e-03
1.1248593925759281e-03
9.9403578528827028e-04
1.2674271229404308e-03
2.8011204481792717e-03
1.5290519877675841e-03
1.0905125408942203e-03
9.9403578528827028e-04
1.2674271229404308e-03
2.8089887640449437e-03
1.5290519877675841e-03
1.0905125408942203e-03
9.9403578528827028e-04
1.2674271229404308e-03
2.8011204481792717e-03
1.5290519877675841e-03
1.0905125408942203e-03
9.9403578528827028e-04
1.2674271229404308e-03
2.8011204481792717e-03
1.5290519877675841e-03
1.0905125408942203e-03
9.9403578528827028e-04
1.2674271229404308e-03
2.8011204481792717e-03
1.5290519877675841e-03
1.0905125408942203e-03
9.9403578528827028e-04
1.2674271229404308e-03
2.8011204481792717e-03
1.5290519877675841e-03
1.0905125408942203e-03
9.9403578528827028e-04
1.2674271229404308e-03
2.8011204481792717e-03
1.5290519877675841e-03
1.0905125408942203e-03
9.9403578528827028e-04
1.2674271229404308e-03
2.8011204481792717e-03
1.5290519877675841e-03
1.0905125408942203e-03
9.9403578528827028e-04
1.2674271229404308e-03
2.8011204481792717e-03
1.5290519877675841e-03
1.0905125408942203e-03
9.9403578528827028e-04
1.2674271229404308e-03
2.8011204481792717e-03
1.5290519877675841e-03
1.0905125408942203e-03
9.9403578528827028e-04
1.2674271229404308e-03
2.8011204481792717e-03
1.5290519877675841e-03
1.0905125408942203e-03
9.9403578528827028e-04
1.2674271229404308e-03
2.8011204481792717e-03
1.5290519877675841e-03
1.0905125408942203e-03
9.9403578528827028e-04
1.2674271229404308e-03
2.8011204481792717e-03
1.5290519877675841e-03
1.0905125408942203e-03
9.9403578528827028e-04
1.2674271229404308e-03
2.8011204481792717e-03
1.5290519877675841e-03
1.0905125408942203e-03
9.9403578528827028e-04
1.2674271229404308e-03
2.8011204481792717e-03
1.5290519877675841e-03
1.0905125408942203e-03
9.9403578528827028e-04
1.2674271229404308e-03
2.8011204481792717e-03
1.5290519877675841e-03
1.0905125408942203e-03
9.9403578528827028e-04
1.2674271229404308e-03
2.8011204481792717e-03
1.5290519877675841e-03
1.0905125408942203e-03
9.9403578528827028e-04
1.2674271229404308e-03
2.8011204481792717e-03
1.5290519877675841e-03
1.0905125408942203e-03
9.9403578528827028e-04
1.2674271229404308e-03
2.8011204481792717e-03
1.5290519877675841e-03
1.0905125408942203e-03
1.0183299389002036e-03
1.2674271229404308e-03
2.8011204481792717e-03
1.5290519877675841e-03
1.0905125408942203e-03
9.9403578528827028e-04
1.2674271229404308e-03
2.8011204481792717e-03
1.5290519877675841e-03
1.0905125408942203e-03
9.9403578528827028e-04
1.2674271229404308e-03
2.8011204481792717e-03
1.5290519877675841e-03
1.0905125408942203e-03
9.9403578528827028e-04
1.2674271229404308e-03
2.8011204481792717e-03
1.5290519877675841e-03
1.0905125408942203e-03
9.9403578528827028e-04
1.2674271229404308e-03
2.8011204481792717e-03
1.5290519877675841e-03
1.0905125408942203e-03
9.9403578528827028e-04
1.2674271229404308e-03
2.8011204481792717e-03
1.5290519877675841e-03
1.0905125408942203e-03
9.9403578528827028e-04
1.2674271229404308e-03
2.8011204481792717e-03
1.5290519877675841e-03
1.0905125408942203e-03
9.9403578528827028e-04
1.2674271229404308e-03
2.8011204481792717e-03
1.5290519877675841e-03
1.0905125408942203e-03
9.9403578528827028e-04
1.2674271229404308e-03
2.8011204481792717e-03
1.5290519877675841e-03
1.0905125408942203e-03
9.9403578528827028e-04
1.2674271229404308e-03
2.8011204481792717e-03
1.5290519877675841e-03
1.0905125408942203e-03
9.9403578528827028e-04
1.2674271229404308e-03
2.8011204481792717e-03
1.5290519877675841e-03
1.0905125408942203e-03
9.9403578528827028e-04
1.2674271229404308e-03
2.8011204481792717e-03
1.5290519877675841e-03
1.0905125408942203e-03
9.9403578528827028e-04
1.2674271229404308e-03
2.8011204481792717e-03
1.5290519877675841e-03
1.0905125408942203e-03
9.9403578528827028e-04
1.2674271229404308e-03
2.8011204481792717e-03
1.5290519877675841e-03
1.0905125408942203e-03
9.9403578528827028e-04
1.2674271229404308e-03
2.8011204481792717e-03
1.5290519877675841e-03
1.0905125408942203e-03
1.0183299389002036e-03
1.2674271229404308e-03
2.8011204481792717e-03
1.5290519877675841e-03
1.0905125408942203e-03
9.9403578528827028e-04
1.2674271229404308e-03
2.8011204481792717e-03
1.5290519877675841e-03
1.0905125408942203e-03
9.9403578528827028e-04
1.2674271229404308e-03
2.8011204481792717e-03
1.5290519877675841e-03
1.0905125408942203e-03
9.9403578528827028e-04
1.2674271229404308e-03
2.8011204481792717e-03
1.5290519877675841e-03
1.0905125408942203e-03
9.9403578528827028e-04
1.2674271229404308e-03
2.8011204481792717e-03
1.5290519877675841e-03
1.0905125408942203e-03
9.9403578528827028e-04
1.2674271229404308e-03
2.8011204481792717e-03
1.5290519877675841e-03
1.0905125408942203e-03
9.9403578528827028e-04
1.2674271229404308e-03
2.8011204481792717e-03
1.5290519877675841e-03
1.0905125408942203e-03
9.9403578528827028e-04
1.2674271229404308e-03
2.8011204481792717e-03
1.5290519877675841e-03
1.0905125408942203e-03
9.9403578528827028e-04
1.2674271229404308e-03
2.8011204481792717e-03
1.5290519877675841e-03
1.0905125408942203e-03
9.9403578528827028e-04
1.2674271229404308e-03
2.8089887640449437e-03
1.5290519877675841e-03
8.0645161290322581e-04
8.0645161290322581e-04
1.2674271229404308e-03
2.8011204481792717e-03
1.5290519877675841e-03
1.1248593925759281e-03
9.9403578528827028e-04
1.2674271229404308e-03
2.8011204481792717e-03
1.1376564277588168e-03
8.1103000811030010e-04
9.9403578528827028e-04
1.4204545454545455e-03
2.8011204481792717e-03
1.5290519877675841e-03
1.1248593925759281e-03
9.9403578528827028e-04
1.2674271229404308e-03
2.8011204481792717e-03
1.5290519877675841e-03
1.1248593925759281e-03
9.9403578528827028e-04
1.2674271229404308e-03
2.8328611898016999e-03
1.5290519877675841e-03
1.0905125408942203e-03
9.9403578528827028e-04
1.2674271229404308e-03
2.8169014084507044e-03
1.1428571428571429e-03
8.2169268693508624e-04
9.9403578528827028e-04
1.2674271229404308e-03
2.8011204481792717e-03
1.5290519877675841e-03
1.1248593925759281e-03
9.9403578528827028e-04
1.2674271229404308e-03
2.8011204481792717e-03
1.5698587127158557e-03
1.0905125408942203e-03
9.9403578528827028e-04
1.2674271229404308e-03
2.8089887640449437e-03
1.5290519877675841e-03
1.0905125408942203e-03
9.9403578528827028e-04
1.2674271229404308e-03
2.8011204481792717e-03
1.5290519877675841e-03
1.1248593925759281e-03
9.9403578528827028e-04
1.2674271229404308e-03
2.8089887640449437e-03
1.5290519877675841e-03
1.0905125408942203e-03
9.9403578528827028e-04
1.2674271229404308e-03
2.8089887640449437e-03
1.5290519877675841e-03
1.0905125408942203e-03
9.9403578528827028e-04
1.2674271229404308e-03
2.8011204481792717e-03
1.5290519877675841e-03
1.1248593925759281e-03
9.9403578528827028e-04
1.2674271229404308e-03
2.8011204481792717e-03
1.5290519877675841e-03
1.1248593925759281e-03
9.9403578528827028e-04
1.2674271229404308e-03
2.8011204481792717e-03
1.5290519877675841e-03
1.1248593925759281e-03
9.9403578528827028e-04
1.2674271229404308e-03
2.8011204481792717e-03
1.5290519877675841e-03
1.1248593925759281e-03
9.9403578528827028e-04
1.2674271229404308e-03
2.8011204481792717e-03
1.5290519877675841e-03
1.1248593925759281e-03
9.9403578528827028e-04
1.2674271229404308e-03
2.8011204481792717e-03
1.5290519877675841e-03
1.1248593925759281e-03
9.9403578528827028e-04
1.2674271229404308e-03
2.8011204481792717e-03
1.5290519877675841e-03
1.1248593925759281e-03
9.9403578528827028e-04
1.2674271229404308e-03
2.8011204481792717e-03
1.5290519877675841e-03
1.1248593925759281e-03
9.9403578528827028e-04
1.2674271229404308e-03
2.8011204481792717e-03
1.5290519877675841e-03
1.1248593925759281e-03
9.9403578528827028e-04
1.2674271229404308e-03
2.8011204481792717e-03
1.5290519877675841e-03
1.1248593925759281e-03
9.9403578528827028e-04
1.2674271229404308e-03
2.8011204481792717e-03
1.5290519877675841e-03
1.1248593925759281e-03
9.9403578528827028e-04
1.2674271229404308e-03
2.8011204481792717e-03
1.5290519877675841e-03
1.1248593925759281e-03
9.9403578528827028e-04
1.2674271229404308e-03
2.8011204481792717e-03
1.5290519877675841e-03
1.1248593925759281e-03
9.9403578528827028e-04
1.2674271229404308e-03
2.8011204481792717e-03
1.5290519877675841e-03
1.1248593925759281e-03
9.9403578528827028e-04
1.2674271229404308e-03
2.8011204481792717e-03
1.5290519877675841e-03
8.1103000811030010e-04
8.1103000811030010e-04
1.0881392818280740e-03
2.8011204481792717e-03
1.5290519877675841e-03
1.1248593925759281e-03
9.9403578528827028e-04
1.2674271229404308e-03
2.8011204481792717e-03
1.5290519877675841e-03
1.1248593925759281e-03
9.9403578528827028e-04
1.2674271229404308e-03
2.8011204481792717e-03
1.5290519877675841e-03
1.1248593925759281e-03
9.9403578528827028e-04
1.2674271229404308e-03
2.8011204481792717e-03
1.5290519877675841e-03
1.0905125408942203e-03
1.2674271229404308e-03
1.0482180293501049e-03
2.8011204481792717e-03
1.5290519877675841e-03
1.1248593925759281e-03
9.9403578528827028e-04
1.2674271229404308e-03
2.8011204481792717e-03
1.5290519877675841e-03
1.0905125408942203e-03
9.9403578528827028e-04
1.2674271229404308e-03
2.8011204481792717e-03
1.5290519877675841e-03
1.1248593925759281e-03
9.9403578528827028e-04
1.2674271229404308e-03
2.8011204481792717e-03
1.5290519877675841e-03
1.1248593925759281e-03
9.9403578528827028e-04
1.2674271229404308e-03
2.8011204481792717e-03
1.5290519877675841e-03
1.1248593925759281e-03
9.9403578528827028e-04
1.2674271229404308e-03
2.8011204481792717e-03
1.5290519877675841e-03
1.1248593925759281e-03
9.9403578528827028e-04
1.2674271229404308e-03
2.8011204481792717e-03
1.5290519877675841e-03
1.1248593925759281e-03
9.9403578528827028e-04
1.2674271229404308e-03
2.8011204481792717e-03
1.5290519877675841e-03
1.1248593925759281e-03
9.9403578528827028e-04
1.2674271229404308e-03
2.8011204481792717e-03
1.5290519877675841e-03
1.1248593925759281e-03
9.9403578528827028e-04
1.2674271229404308e-03
2.8011204481792717e-03
1.5290519877675841e-03
1.1248593925759281e-03
9.9403578528827028e-04
1.2674271229404308e-03
2.8011204481792717e-03
1.5290519877675841e-03
1.1248593925759281e-03
9.9403578528827028e-04
1.2674271229404308e-03
2.8011204481792717e-03
1.5290519877675841e-03
1.1248593925759281e-03
9.9403578528827028e-04
1.2674271229404308e-03
2.8011204481792717e-03
1.5290519877675841e-03
1.1248593925759281e-03
9.9403578528827028e-04
1.2674271229404308e-03
2.8011204481792717e-03
1.5290519877675841e-03
1.0905125408942203e-03
8.0971659919028337e-04
1.2674271229404308e-03
2.8011204481792717e-03
1.5290519877675841e-03
1.1248593925759281e-03
9.9403578528827028e-04
1.2674271229404308e-03
2.8011204481792717e-03
1.5290519877675841e-03
1.0905125408942203e-03
8.0971659919028337e-04
1.2674271229404308e-03
2.8011204481792717e-03
1.5290519877675841e-03
1.1248593925759281e-03
8.0775444264943462e-04
1.2674271229404308e-03
2.8089887640449437e-03
1.5290519877675841e-03
1.0905125408942203e-03
9.9403578528827028e-04
1.2674271229404308e-03
2.8011204481792717e-03
1.5290519877675841e-03
1.1273957158962795e-03
9.9403578528827028e-04
1.2674271229404308e-03
2.8011204481792717e-03
1.5290519877675841e-03
1.1376564277588168e-03
9.9403578528827028e-04
1.2674271229404308e-03
2.8011204481792717e-03
1.5290519877675841e-03
1.1273957158962795e-03
9.9403578528827028e-04
1.2674271229404308e-03
2.8011204481792717e-03
1.5290519877675841e-03
1.1273957158962795e-03
9.9403578528827028e-04
1.2674271229404308e-03
2.8011204481792717e-03
1.5290519877675841e-03
8.1103000811030010e-04
8.0580177276390005e-04
1.4204545454545455e-03
2.8011204481792717e-03
1.1428571428571429e-03
8.2169268693508624e-04
9.9403578528827028e-04
1.2674271229404308e-03
2.8011204481792717e-03
1.5290519877675841e-03
1.1248593925759281e-03
1.0214504596527069e-03
1.4204545454545455e-03
7.6923076923076927e-02
1.5290519877675841e-03
1.0905125408942203e-03
9.9403578528827028e-04
1.2674271229404308e-03
9.0909090909090912e-02
1.5290519877675841e-03
1.0905125408942203e-03
9.9403578528827028e-04
1.2674271229404308e-03
8.3333333333333329e-02
8.3333333333333329e-02
9.0909090909090912e-02
8.3333333333333329e-02
9.0909090909090912e-02
9.0909090909090912e-02
1.6949152542372881e-02
3.3333333333333331e-01
2.3866348448687352e-03
2.4330900243309003e-03
2.4330900243309003e-03
2.8011204481792717e-03
1.5847860538827259e-03
6.6666666666666666e-02
9.9403578528827028e-04
1.2674271229404308e-03
1.0256410256410256e-03
3.2786885245901639e-03
3.1347962382445140e-03
3.1347962382445140e-03
2.9940119760479044e-03
1.6949152542372881e-02
3.3333333333333331e-01
2.3866348448687352e-03
2.4330900243309003e-03
2.3640661938534278e-03
6.6666666666666666e-02
8.3333333333333329e-02
2.6109660574412533e-03
2.3809523809523812e-03
2.4096385542168677e-03
1.5290519877675841e-03
1.0905125408942203e-03
9.9403578528827028e-04
1.2674271229404308e-03
2.8011204481792717e-03
1.5290519877675841e-03
1.0905125408942203e-03
1.0000000000000001e-01
1.4880952380952380e-03
2.8011204481792717e-03
1.5290519877675841e-03
1.1111111111111110e-01
1.0224948875255625e-03
1.2674271229404308e-03
2.8011204481792717e-03
1.5290519877675841e-03
1.1111111111111110e-01
1.0224948875255625e-03
1.2674271229404308e-03
2.8011204481792717e-03
1.5290519877675841e-03
1.1111111111111110e-01
1.0224948875255625e-03
1.2674271229404308e-03
2.8011204481792717e-03
1.5290519877675841e-03
1.1111111111111110e-01
1.0224948875255625e-03
1.2674271229404308e-03
1.0905125408942203e-03
8.2169268693508624e-04
9.9403578528827028e-04
1.2674271229404308e-03
2.8011204481792717e-03
1.5290519877675841e-03
1.1248593925759281e-03
8.3333333333333329e-02
2.9585798816568047e-03
2.7932960893854749e-03
1.0905125408942203e-03
9.9403578528827028e-04
1.2674271229404308e-03
1.5698587127158557e-03
8.1103000811030010e-04
9.9403578528827028e-04
1.2674271229404308e-03
2.8011204481792717e-03
1.5290519877675841e-03
8.0192461908580592e-04
1.2674271229404308e-03
2.8011204481792717e-03
1.5290519877675841e-03
9.9403578528827028e-04
1.2674271229404308e-03
1.5600624024960999e-03
8.1103000811030010e-04
9.9403578528827028e-04
1.2674271229404308e-03
1.5600624024960999e-03
8.1103000811030010e-04
9.9403578528827028e-04
1.2674271229404308e-03
2.8011204481792717e-03
1.1467889908256881e-03
8.1103000811030010e-04
9.9403578528827028e-04
2.7932960893854749e-03
8.1103000811030010e-04
9.9403578528827028e-04
1.2674271229404308e-03
2.8011204481792717e-03
1.1467889908256881e-03
9.9403578528827028e-04
1.2674271229404308e-03
2.7932960893854749e-03
1.0905125408942203e-03
9.9403578528827028e-04
1.2674271229404308e-03
2.7932960893854749e-03
1.0905125408942203e-03
9.9403578528827028e-04
1.2674271229404308e-03
2.7932960893854749e-03
1.0905125408942203e-03
9.9403578528827028e-04
1.2674271229404308e-03
2.7932960893854749e-03
1.0905125408942203e-03
9.9403578528827028e-04
1.2674271229404308e-03
2.8011204481792717e-03
1.1098779134295228e-03
9.9403578528827028e-04
1.2674271229404308e-03
2.7932960893854749e-03
1.0905125408942203e-03
9.9403578528827028e-04
1.2674271229404308e-03
2.7932960893854749e-03
1.0905125408942203e-03
9.9403578528827028e-04
1.2674271229404308e-03
2.7932960893854749e-03
1.0905125408942203e-03
9.9403578528827028e-04
1.2674271229404308e-03
2.7932960893854749e-03
1.0905125408942203e-03
9.9403578528827028e-04
1.2674271229404308e-03
2.7932960893854749e-03
1.0905125408942203e-03
9.9403578528827028e-04
1.2674271229404308e-03
2.7932960893854749e-03
1.0905125408942203e-03
9.9403578528827028e-04
1.2674271229404308e-03
2.7932960893854749e-03
1.0905125408942203e-03
9.9403578528827028e-04
1.2674271229404308e-03
2.7932960893854749e-03
1.0905125408942203e-03
9.9403578528827028e-04
1.2674271229404308e-03
2.7932960893854749e-03
1.0905125408942203e-03
9.9403578528827028e-04
1.2674271229404308e-03
2.7932960893854749e-03
1.0905125408942203e-03
9.9403578528827028e-04
1.2674271229404308e-03
2.7932960893854749e-03
1.0905125408942203e-03
9.9403578528827028e-04
1.2674271229404308e-03
2.7932960893854749e-03
1.0905125408942203e-03
9.9403578528827028e-04
1.2674271229404308e-03
2.7932960893854749e-03
1.0905125408942203e-03
9.9403578528827028e-04
1.2674271229404308e-03
2.7932960893854749e-03
1.0905125408942203e-03
9.9403578528827028e-04
1.2674271229404308e-03
2.7932960893854749e-03
1.0905125408942203e-03
9.9403578528827028e-04
1.2674271229404308e-03
2.7932960893854749e-03
1.0905125408942203e-03
9.9403578528827028e-04
1.2674271229404308e-03
2.7932960893854749e-03
1.0905125408942203e-03
1.0183299389002036e-03
1.2674271229404308e-03
2.8011204481792717e-03
1.1098779134295228e-03
9.9403578528827028e-04
1.2674271229404308e-03
1.6420361247947454e-03
8.2169268693508624e-04
9.9403578528827028e-04
1.2674271229404308e-03
2.8011204481792717e-03
1.1098779134295228e-03
9.9403578528827028e-04
1.2674271229404308e-03
2.8011204481792717e-03
1.1098779134295228e-03
9.9403578528827028e-04
1.2674271229404308e-03
2.8011204481792717e-03
1.1098779134295228e-03
9.9403578528827028e-04
1.2674271229404308e-03
2.7932960893854749e-03
1.0905125408942203e-03
9.9403578528827028e-04
1.2674271229404308e-03
2.8011204481792717e-03
1.1098779134295228e-03
9.9403578528827028e-04
1.2674271229404308e-03
2.7932960893854749e-03
1.0905125408942203e-03
9.9403578528827028e-04
1.2674271229404308e-03
2.8011204481792717e-03
1.1098779134295228e-03
1.0183299389002036e-03
1.2674271229404308e-03
2.7932960893854749e-03
0.0
9.9403578528827028e-04
1.2674271229404308e-03
1.1111111111111110e-01
8.3333333333333329e-02
8.3333333333333329e-02
8.3333333333333329e-02
8.3333333333333329e-02
2.8011204481792717e-03
1.1098779134295228e-03
9.9403578528827028e-04
1.2674271229404308e-03
2.8011204481792717e-03
1.0905125408942203e-03
9.9403578528827028e-04
1.2674271229404308e-03
2.8011204481792717e-03
1.1376564277588168e-03
9.9403578528827028e-04
1.2674271229404308e-03
2.8089887640449437e-03
8.1103000811030010e-04
9.9403578528827028e-04
1.2674271229404308e-03
2.8011204481792717e-03
1.1507479861910242e-03
1.0928961748633880e-03
1.2674271229404308e-03
0.0
1.0905125408942203e-03
9.9403578528827028e-04
1.2674271229404308e-03
2.8011204481792717e-03
1.1376564277588168e-03
8.0840743734842356e-04
1.2674271229404308e-03
2.8011204481792717e-03
1.1376564277588168e-03
8.0840743734842356e-04
1.2674271229404308e-03
2.8011204481792717e-03
1.1098779134295228e-03
1.0515247108307045e-03
1.2674271229404308e-03
2.8011204481792717e-03
1.1350737797956867e-03
9.9403578528827028e-04
1.2674271229404308e-03
2.8011204481792717e-03
1.1376564277588168e-03
8.0840743734842356e-04
1.2674271229404308e-03
2.8011204481792717e-03
1.5290519877675841e-03
1.0857763300760044e-03
1.2674271229404308e-03
2.8011204481792717e-03
1.5290519877675841e-03
8.0580177276390005e-04
1.2674271229404308e-03
2.8011204481792717e-03
1.5290519877675841e-03
8.0580177276390005e-04
1.2674271229404308e-03
2.8011204481792717e-03
1.1467889908256881e-03
8.0840743734842356e-04
1.2674271229404308e-03
2.8011204481792717e-03
1.5290519877675841e-03
8.0580177276390005e-04
1.2674271229404308e-03
2.8011204481792717e-03
1.5290519877675841e-03
8.0580177276390005e-04
1.2674271229404308e-03
2.8011204481792717e-03
1.5290519877675841e-03
8.0840743734842356e-04
1.2674271229404308e-03
2.8011204481792717e-03
1.5290519877675841e-03
8.0840743734842356e-04
1.2674271229404308e-03
2.8011204481792717e-03
1.5290519877675841e-03
8.0580177276390005e-04
1.2674271229404308e-03
2.8011204481792717e-03
1.5290519877675841e-03
8.0840743734842356e-04
1.2674271229404308e-03
2.8011204481792717e-03
1.5290519877675841e-03
1.0172939979654120e-03
1.2674271229404308e-03
2.8011204481792717e-03
1.5290519877675841e-03
1.0905125408942203e-03
9.9403578528827028e-04
2.8011204481792717e-03
1.5290519877675841e-03
8.0840743734842356e-04
1.2674271229404308e-03
2.8011204481792717e-03
1.5290519877675841e-03
8.0840743734842356e-04
1.2674271229404308e-03
2.8011204481792717e-03
1.5290519877675841e-03
8.0840743734842356e-04
1.2674271229404308e-03
2.8011204481792717e-03
1.5290519877675841e-03
1.0905125408942203e-03
9.9403578528827028e-04
2.8011204481792717e-03
1.5290519877675841e-03
1.0905125408942203e-03
9.9403578528827028e-04
2.8011204481792717e-03
1.5290519877675841e-03
1.0905125408942203e-03
9.9403578528827028e-04
2.8011204481792717e-03
1.5290519877675841e-03
8.0840743734842356e-04
1.2674271229404308e-03
2.8011204481792717e-03
1.5290519877675841e-03
8.0840743734842356e-04
1.2674271229404308e-03
2.8011204481792717e-03
1.5290519877675841e-03
8.0840743734842356e-04
1.2674271229404308e-03
2.8011204481792717e-03
1.5290519877675841e-03
8.0840743734842356e-04
1.2674271229404308e-03
2.8011204481792717e-03
1.5290519877675841e-03
8.0775444264943462e-04
1.2674271229404308e-03
2.8011204481792717e-03
1.5290519877675841e-03
8.0580177276390005e-04
1.2674271229404308e-03
2.8011204481792717e-03
1.5290519877675841e-03
8.0840743734842356e-04
1.2674271229404308e-03
2.8011204481792717e-03
1.5290519877675841e-03
8.0840743734842356e-04
1.2674271229404308e-03
2.8011204481792717e-03
1.5290519877675841e-03
8.0840743734842356e-04
1.2674271229404308e-03
2.8011204481792717e-03
1.5290519877675841e-03
8.0840743734842356e-04
1.2674271229404308e-03
2.8011204481792717e-03
1.5290519877675841e-03
8.0645161290322581e-04
1.2674271229404308e-03
2.8011204481792717e-03
1.5290519877675841e-03
8.0840743734842356e-04
1.2674271229404308e-03
2.8011204481792717e-03
1.5290519877675841e-03
8.0840743734842356e-04
1.2674271229404308e-03
2.8011204481792717e-03
1.5290519877675841e-03
8.0840743734842356e-04
1.2674271229404308e-03
2.8011204481792717e-03
1.5290519877675841e-03
8.0840743734842356e-04
1.2674271229404308e-03
2.8011204481792717e-03
1.5290519877675841e-03
1.0905125408942203e-03
1.0799136069114472e-03
2.8011204481792717e-03
1.5290519877675841e-03
1.0905125408942203e-03
1.2674271229404308e-03
2.8011204481792717e-03
1.5290519877675841e-03
8.0840743734842356e-04
1.2674271229404308e-03
2.8011204481792717e-03
1.5290519877675841e-03
8.0840743734842356e-04
1.2674271229404308e-03
2.8011204481792717e-03
1.5290519877675841e-03
8.0840743734842356e-04
1.2674271229404308e-03
2.8011204481792717e-03
1.5290519877675841e-03
8.0840743734842356e-04
1.2674271229404308e-03
2.8011204481792717e-03
1.5290519877675841e-03
8.0840743734842356e-04
1.2674271229404308e-03
2.8011204481792717e-03
1.5290519877675841e-03
8.0840743734842356e-04
1.2674271229404308e-03
2.8011204481792717e-03
1.5290519877675841e-03
8.0840743734842356e-04
1.2674271229404308e-03
2.8011204481792717e-03
1.5290519877675841e-03
8.0840743734842356e-04
1.2674271229404308e-03
2.8011204481792717e-03
1.5290519877675841e-03
1.0905125408942203e-03
1.2674271229404308e-03
2.8011204481792717e-03
1.5290519877675841e-03
1.0905125408942203e-03
9.9403578528827028e-04
2.8011204481792717e-03
1.5290519877675841e-03
1.0940919037199124e-03
1.2674271229404308e-03
2.8011204481792717e-03
1.5290519877675841e-03
8.0840743734842356e-04
1.2674271229404308e-03
2.8011204481792717e-03
1.5290519877675841e-03
8.0840743734842356e-04
1.2674271229404308e-03
2.8011204481792717e-03
1.5290519877675841e-03
8.0840743734842356e-04
1.2674271229404308e-03
2.8011204481792717e-03
1.5290519877675841e-03
8.0840743734842356e-04
1.2674271229404308e-03
2.8011204481792717e-03
1.5290519877675841e-03
8.0840743734842356e-04
1.2674271229404308e-03
2.8011204481792717e-03
1.5290519877675841e-03
8.0840743734842356e-04
1.2674271229404308e-03
2.8011204481792717e-03
1.5290519877675841e-03
8.0840743734842356e-04
1.2674271229404308e-03
2.8011204481792717e-03
1.5290519877675841e-03
8.0840743734842356e-04
1.2674271229404308e-03
2.8011204481792717e-03
1.5290519877675841e-03
8.0840743734842356e-04
1.2674271229404308e-03
2.8011204481792717e-03
1.5290519877675841e-03
1.0905125408942203e-03
1.2674271229404308e-03
2.8011204481792717e-03
1.5290519877675841e-03
1.0905125408942203e-03
1.0799136069114472e-03
2.8011204481792717e-03
1.5290519877675841e-03
1.0881392818280740e-03
8.0971659919028337e-04
2.8011204481792717e-03
1.5290519877675841e-03
1.0905125408942203e-03
1.2674271229404308e-03
2.8011204481792717e-03
1.5290519877675841e-03
8.1103000811030010e-04
1.0881392818280740e-03
2.8011204481792717e-03
1.5290519877675841e-03
8.0840743734842356e-04
1.2674271229404308e-03
2.8011204481792717e-03
1.5290519877675841e-03
8.0840743734842356e-04
1.2674271229404308e-03
2.8011204481792717e-03
1.5698587127158557e-03
8.0580177276390005e-04
1.2674271229404308e-03
2.8011204481792717e-03
1.5290519877675841e-03
8.1103000811030010e-04
1.0881392818280740e-03
2.8011204481792717e-03
1.5290519877675841e-03
1.0905125408942203e-03
1.0799136069114472e-03
2.8011204481792717e-03
1.5290519877675841e-03
1.0905125408942203e-03
1.0799136069114472e-03
2.8011204481792717e-03
1.5290519877675841e-03
1.0905125408942203e-03
1.2674271229404308e-03
2.8011204481792717e-03
1.5290519877675841e-03
8.1103000811030010e-04
1.0881392818280740e-03
2.8011204481792717e-03
1.5290519877675841e-03
1.0905125408942203e-03
1.2674271229404308e-03
2.8011204481792717e-03
1.5290519877675841e-03
1.0905125408942203e-03
1.2674271229404308e-03
2.8011204481792717e-03
1.5290519877675841e-03
8.1103000811030010e-04
1.0881392818280740e-03
2.8011204481792717e-03
1.5290519877675841e-03
8.1103000811030010e-04
1.0881392818280740e-03
2.8011204481792717e-03
1.5290519877675841e-03
1.0905125408942203e-03
1.2674271229404308e-03
2.8011204481792717e-03
1.5290519877675841e-03
1.0905125408942203e-03
1.0799136069114472e-03
2.7932960893854749e-03
1.1560693641618498e-03
9.9502487562189048e-04
1.2674271229404308e-03
2.8011204481792717e-03
1.5290519877675841e-03
1.0905125408942203e-03
1.0799136069114472e-03
2.8011204481792717e-03
1.5290519877675841e-03
8.0840743734842356e-04
1.4164305949008499e-03
2.8011204481792717e-03
1.5290519877675841e-03
1.0905125408942203e-03
1.0799136069114472e-03
2.8011204481792717e-03
1.5290519877675841e-03
1.0905125408942203e-03
1.0799136069114472e-03
2.8011204481792717e-03
1.5290519877675841e-03
8.0840743734842356e-04
1.4164305949008499e-03
2.8011204481792717e-03
1.5290519877675841e-03
1.0905125408942203e-03
1.0799136069114472e-03
2.8011204481792717e-03
1.5290519877675841e-03
1.0905125408942203e-03
1.0799136069114472e-03
2.8011204481792717e-03
1.5698587127158557e-03
8.0515297906602254e-04
1.2674271229404308e-03
2.8089887640449437e-03
1.5290519877675841e-03
8.0840743734842356e-04
1.2674271229404308e-03
2.8011204481792717e-03
1.5290519877675841e-03
8.0906148867313920e-04
1.2674271229404308e-03
2.8011204481792717e-03
1.5290519877675841e-03
1.1248593925759281e-03
9.9403578528827028e-04
2.8011204481792717e-03
1.5290519877675841e-03
1.1273957158962795e-03
1.2674271229404308e-03
2.8011204481792717e-03
1.5290519877675841e-03
1.0905125408942203e-03
1.2674271229404308e-03
2.8011204481792717e-03
1.5290519877675841e-03
1.1248593925759281e-03
1.0799136069114472e-03
2.8011204481792717e-03
1.5290519877675841e-03
8.0840743734842356e-04
1.2674271229404308e-03
2.8089887640449437e-03
1.5290519877675841e-03
8.0840743734842356e-04
1.2674271229404308e-03
2.8011204481792717e-03
1.5290519877675841e-03
1.1248593925759281e-03
1.2674271229404308e-03
2.8011204481792717e-03
1.5290519877675841e-03
9.9403578528827028e-04
1.5408320493066256e-03
1.0000000000000001e-01
1.1248593925759281e-03
9.9403578528827028e-04
1.2674271229404308e-03
7.6923076923076927e-02
1.0905125408942203e-03
9.9403578528827028e-04
1.2674271229404308e-03
1.6949152542372881e-02
3.3333333333333331e-01
2.3866348448687352e-03
2.3640661938534278e-03
2.6666666666666666e-03
2.4875621890547263e-03
2.6315789473684209e-02
2.3148148148148147e-03
6.6666666666666666e-02
8.3333333333333329e-02
2.6109660574412533e-03
2.4096385542168677e-03
6.6666666666666666e-02
8.3333333333333329e-02
2.6109660574412533e-03
2.4096385542168677e-03
6.6666666666666666e-02
8.3333333333333329e-02
2.6109660574412533e-03
2.4096385542168677e-03
1.4285714285714285e-01
8.1103000811030010e-04
9.9403578528827028e-04
1.2674271229404308e-03
5.0000000000000000e-01
5.0000000000000000e-01
2.0000000000000000e-02
1.5313935681470138e-03
8.1103000811030010e-04
8.0840743734842356e-04
1.2674271229404308e-03
8.2169268693508624e-04
9.9403578528827028e-04
1.2674271229404308e-03
1.1627906976744186e-03
8.2236842105263153e-04
8.3125519534497092e-04
2.8169014084507044e-03
9.9502487562189048e-04
1.2674271229404308e-03
1.8518518518518519e-03
9.9403578528827028e-04
1.2674271229404308e-03
2.4330900243309003e-03
2.6315789473684209e-02
8.3333333333333329e-02
2.5000000000000000e-01
2.8011204481792717e-03
8.0580177276390005e-04
1.2674271229404308e-03
2.8011204481792717e-03
8.1168831168831174e-04
1.2674271229404308e-03
2.7932960893854749e-03
8.0971659919028337e-04
1.2674271229404308e-03
2.8011204481792717e-03
1.1376564277588168e-03
8.0840743734842356e-04
2.8011204481792717e-03
8.0840743734842356e-04
1.2674271229404308e-03
2.8011204481792717e-03
8.2236842105263153e-04
1.2674271229404308e-03
2.8011204481792717e-03
8.0840743734842356e-04
1.2674271229404308e-03
2.7932960893854749e-03
1.0905125408942203e-03
1.2674271229404308e-03
2.8011204481792717e-03
1.5290519877675841e-03
1.0030090270812437e-03
2.8011204481792717e-03
8.1168831168831174e-04
1.2674271229404308e-03
2.8011204481792717e-03
1.5290519877675841e-03
1.0881392818280740e-03
2.8011204481792717e-03
1.5290519877675841e-03
8.0450522928399030e-04
2.8011204481792717e-03
8.1168831168831174e-04
1.2936610608020700e-03
2.8011204481792717e-03
1.1001100110011001e-03
1.2674271229404308e-03
2.8011204481792717e-03
1.5290519877675841e-03
1.2722646310432571e-03
2.8169014084507044e-03
1.1467889908256881e-03
1.0881392818280740e-03
2.8169014084507044e-03
8.1168831168831174e-04
1.2674271229404308e-03
2.8011204481792717e-03
1.5290519877675841e-03
1.2674271229404308e-03
2.8011204481792717e-03
1.1363636363636363e-03
1.0799136069114472e-03
2.8011204481792717e-03
1.5290519877675841e-03
8.0580177276390005e-04
2.8011204481792717e-03
1.5290519877675841e-03
1.0905125408942203e-03
2.8011204481792717e-03
1.5290519877675841e-03
1.0881392818280740e-03
2.8011204481792717e-03
1.5290519877675841e-03
1.1248593925759281e-03
2.8011204481792717e-03
1.5290519877675841e-03
1.0548523206751054e-03
7.6923076923076927e-02
9.9403578528827028e-04
1.0799136069114472e-03
7.6923076923076927e-02
9.9403578528827028e-04
1.2674271229404308e-03
1.6286644951140066e-03
3.2786885245901639e-03
2.9940119760479044e-03
7.6923076923076927e-02
8.0645161290322581e-04
1.0881392818280740e-03
2.4875621890547263e-03
2.6178010471204190e-03
2.5706940874035988e-03
2.6666666666666666e-03
2.4875621890547263e-03
1.6666666666666666e-02
7.6923076923076927e-02
2.4330900243309003e-03
2.3640661938534278e-03
1.6666666666666666e-01
9.9403578528827028e-04
1.2674271229404308e-03
2.8011204481792717e-03
1.5290519877675841e-03
1.1111111111111110e-01
3.3333333333333331e-01
2.6109660574412533e-03
3.3333333333333331e-01
8.1366965012205042e-04
3.4843205574912892e-03
2.4213075060532689e-03
1.2674271229404308e-03
2.7932960893854749e-03
1.0256410256410256e-03
2.8011204481792717e-03
1.2674271229404308e-03
2.8011204481792717e-03
1.5290519877675841e-03
7.6923076923076927e-02
8.0645161290322581e-04
1.0810810810810811e-03
5.0000000000000003e-02
1.6666666666666666e-01
9.9700897308075765e-04
8.3333333333333329e-02
2.6666666666666666e-03
2.4570024570024569e-03
2.1276595744680851e-02
2.4096385542168677e-03
1.0000000000000000e+00
2.8328611898016999e-03
6.6666666666666666e-02
1.0214504596527069e-03
6.6666666666666666e-02
2.4096385542168677e-03
2.5641025641025641e-03
2.4570024570024569e-03
7.6923076923076927e-02
2.5839793281653748e-03
8.3333333333333329e-02
1.2674271229404308e-03
9.0909090909090912e-02
2.4096385542168677e-03
5.0000000000000000e-01
5.0000000000000000e-01
4.5662100456621002e-03
2.5000000000000000e-01
1.4285714285714285e-01
1.1273957158962795e-03
9.0909090909090912e-02
1.4285714285714285e-01
1.2674271229404308e-03
1.0905125408942203e-03
3.3333333333333331e-01
2.5773195876288659e-03
2.5000000000000000e-01
1.0214504596527069e-03
1.2674271229404308e-03
2.0000000000000001e-01
2.3640661938534278e-03
1.6583747927031510e-03
8.2169268693508624e-04
1.0504201680672268e-03
1.0548523206751054e-03
3.0211480362537764e-03
2.8011204481792717e-03
1.3927576601671309e-03
3.1250000000000002e-03
2.8011204481792717e-03
2.9761904761904760e-03
3.7037037037037038e-03
1.0000000000000000e+00
3.3333333333333331e-01
2.8011204481792717e-03
3.7878787878787880e-03
3.4602076124567475e-03
2.7322404371584699e-03
2.8011204481792717e-03
2.0000000000000001e-01
1.4285714285714285e-01
2.7322404371584699e-03
2.5000000000000000e-01
5.0000000000000000e-01
3.3333333333333331e-01
5.0000000000000000e-01
5.0000000000000000e-01
2.8490028490028491e-03
1.0000000000000000e+00
4.0160642570281121e-03
1.0000000000000000e+00
3.6101083032490976e-03
1.0000000000000000e+00
1.0000000000000000e+00
8.3333333333333329e-02
7.6923076923076927e-02
7.6923076923076927e-02
5.0000000000000000e-01
5.0000000000000000e-01
1.1111111111111110e-01
6.6666666666666666e-02
2.8735632183908046e-03
1.0000000000000000e+00
2.0000000000000001e-01
1.1111111111111110e-01
1.1111111111111110e-01
1.1111111111111110e-01
1.0000000000000000e+00
1.0000000000000000e+00
3.8461538461538464e-02
9.0909090909090912e-02
3.8461538461538464e-02
9.0909090909090912e-02
3.8461538461538464e-02
9.0909090909090912e-02
3.8461538461538464e-02
9.0909090909090912e-02
1.0000000000000000e+00
1.0000000000000000e+00
7.6923076923076927e-02
9.0909090909090912e-02
3.8461538461538464e-02
9.0909090909090912e-02
3.8461538461538464e-02
9.0909090909090912e-02
7.6923076923076927e-02
9.0909090909090912e-02
1.1111111111111110e-01
3.8461538461538464e-02
9.0909090909090912e-02
1.0000000000000000e+00
7.6923076923076927e-02
9.0909090909090912e-02
7.6923076923076927e-02
9.0909090909090912e-02
3.8461538461538464e-02
1.1111111111111110e-01
3.8461538461538464e-02
1.1111111111111110e-01
7.6923076923076927e-02
9.0909090909090912e-02
7.6923076923076927e-02
9.0909090909090912e-02
7.6923076923076927e-02
9.0909090909090912e-02
7.6923076923076927e-02
9.0909090909090912e-02
3.3333333333333331e-01
2.5000000000000000e-01
3.3333333333333331e-01
1.0000000000000000e+00
3.8461538461538464e-02
1.0000000000000001e-01
3.8461538461538464e-02
1.0000000000000001e-01
7.6923076923076927e-02
9.0909090909090912e-02
3.8461538461538464e-02
1.0000000000000001e-01
3.8461538461538464e-02
1.1111111111111110e-01
3.3333333333333331e-01
3.3333333333333331e-01
1.0000000000000000e+00
5.0000000000000000e-01
3.8461538461538464e-02
6.2500000000000000e-02
7.6923076923076927e-02
9.0909090909090912e-02
3.8461538461538464e-02
6.2500000000000000e-02
3.8461538461538464e-02
6.2500000000000000e-02
3.8461538461538464e-02
1.0000000000000001e-01
7.6923076923076927e-02
9.0909090909090912e-02
2.0000000000000001e-01
2.0000000000000001e-01
5.0000000000000000e-01
3.8461538461538464e-02
1.0000000000000001e-01
5.0000000000000000e-01
3.8461538461538464e-02
1.0000000000000001e-01
3.8461538461538464e-02
1.0000000000000001e-01
3.8461538461538464e-02
1.0000000000000001e-01
2.0000000000000001e-01
2.0000000000000001e-01
2.0000000000000001e-01
2.0000000000000001e-01
2.0000000000000001e-01
2.0000000000000001e-01
3.8461538461538464e-02
1.0000000000000001e-01
2.5000000000000000e-01
2.5000000000000000e-01
3.8461538461538464e-02
1.0000000000000001e-01
3.8461538461538464e-02
6.2500000000000000e-02
3.8461538461538464e-02
1.1111111111111110e-01
1.0000000000000000e+00
2.5000000000000000e-01
2.5000000000000000e-01
3.8461538461538464e-02
1.1111111111111110e-01
1.6666666666666666e-01
2.5000000000000000e-01
2.0000000000000001e-01
2.0000000000000001e-01
1.6666666666666666e-01
2.5000000000000000e-01
1.6666666666666666e-01
2.5000000000000000e-01
1.6666666666666666e-01
2.5000000000000000e-01
3.3333333333333331e-01
3.3333333333333331e-01
5.0000000000000000e-01
1.6666666666666666e-01
1.0000000000000000e+00
3.3333333333333331e-01
2.5000000000000000e-01
3.3333333333333331e-01
7.6923076923076927e-02
2.5000000000000000e-01
2.5000000000000000e-01
2.5000000000000000e-01
2.5000000000000000e-01
1.2500000000000000e-01
3.3333333333333331e-01
3.3333333333333331e-01
3.3333333333333331e-01
1.0000000000000000e+00
1.0000000000000000e+00
7.6923076923076927e-02
3.3333333333333331e-01
3.3333333333333331e-01
3.3333333333333331e-01
3.3333333333333331e-01
1.0000000000000000e+00
3.3333333333333331e-01
3.3333333333333331e-01
3.3333333333333331e-01
3.3333333333333331e-01
5.0000000000000000e-01
5.0000000000000000e-01
1.0000000000000000e+00
1.0000000000000000e+00
1.0000000000000000e+00
5.0000000000000000e-01
5.0000000000000000e-01
