2.0790020790020791e-03
2.0790020790020791e-03
2.0703933747412010e-03
2.0703933747412010e-03
2.0703933747412010e-03
2.0703933747412010e-03
2.0703933747412010e-03
2.0703933747412010e-03
2.0790020790020791e-03
2.1052631578947368e-03
2.0703933747412010e-03
2.1052631578947368e-03
2.0703933747412010e-03
2.1052631578947368e-03
2.1052631578947368e-03
2.0790020790020791e-03
2.0576131687242800e-03
2.0703933747412010e-03
2.0576131687242800e-03
2.0703933747412010e-03
2.1052631578947368e-03
2.0576131687242800e-03
2.0576131687242800e-03
2.1052631578947368e-03
2.1276595744680851e-03
2.0576131687242800e-03
2.1052631578947368e-03
2.0576131687242800e-03
2.0576131687242800e-03
2.1052631578947368e-03
2.1052631578947368e-03
2.1052631578947368e-03
2.0703933747412010e-03
2.1881838074398249e-03
2.0703933747412010e-03
2.1052631578947368e-03
2.0703933747412010e-03
2.0703933747412010e-03
2.0703933747412010e-03
2.1052631578947368e-03
2.0703933747412010e-03
2.0703933747412010e-03
2.0703933747412010e-03
2.0703933747412010e-03
2.0703933747412010e-03
2.0703933747412010e-03
2.0703933747412010e-03
2.0703933747412010e-03
2.0703933747412010e-03
2.0703933747412010e-03
2.0703933747412010e-03
2.0703933747412010e-03
2.0790020790020791e-03
2.0703933747412010e-03
2.0703933747412010e-03
2.0703933747412010e-03
2.0703933747412010e-03
2.0703933747412010e-03
2.0703933747412010e-03
2.0576131687242800e-03
2.1052631578947368e-03
2.0703933747412010e-03
2.0703933747412010e-03
2.0703933747412010e-03
2.0703933747412010e-03
2.0703933747412010e-03
2.0703933747412010e-03
2.0703933747412010e-03
2.0703933747412010e-03
2.0703933747412010e-03
2.0703933747412010e-03
2.0703933747412010e-03
2.0703933747412010e-03
2.0703933747412010e-03
2.0703933747412010e-03
2.0703933747412010e-03
2.0703933747412010e-03
2.1052631578947368e-03
2.0703933747412010e-03
2.0703933747412010e-03
2.0703933747412010e-03
2.0703933747412010e-03
2.0703933747412010e-03
2.0703933747412010e-03
2.0703933747412010e-03
2.0703933747412010e-03
2.0703933747412010e-03
2.0703933747412010e-03
2.0703933747412010e-03
2.0703933747412010e-03
2.0703933747412010e-03
2.0703933747412010e-03
2.0703933747412010e-03
2.0703933747412010e-03
2.0703933747412010e-03
2.0703933747412010e-03
2.0703933747412010e-03
2.0703933747412010e-03
2.0703933747412010e-03
2.0703933747412010e-03
2.0703933747412010e-03
2.0703933747412010e-03
2.0703933747412010e-03
2.0703933747412010e-03
2.0703933747412010e-03
2.0703933747412010e-03
2.0703933747412010e-03
2.0703933747412010e-03
2.0703933747412010e-03
2.0703933747412010e-03
2.0703933747412010e-03
2.0703933747412010e-03
2.0703933747412010e-03
2.0703933747412010e-03
2.0703933747412010e-03
2.0703933747412010e-03
2.0703933747412010e-03
2.0703933747412010e-03
2.0703933747412010e-03
2.0703933747412010e-03
2.0703933747412010e-03
2.0703933747412010e-03
2.0703933747412010e-03
2.0703933747412010e-03
2.0703933747412010e-03
2.0703933747412010e-03
2.0703933747412010e-03
2.0703933747412010e-03
2.0703933747412010e-03
2.0703933747412010e-03
2.0703933747412010e-03
2.0703933747412010e-03
2.0703933747412010e-03
2.0703933747412010e-03
2.0703933747412010e-03
2.0833333333333333e-03
2.0703933747412010e-03
2.0703933747412010e-03
2.0703933747412010e-03
2.0703933747412010e-03
2.0703933747412010e-03
2.0703933747412010e-03
2.0703933747412010e-03
2.0703933747412010e-03
2.0703933747412010e-03
2.0703933747412010e-03
2.0703933747412010e-03
2.0703933747412010e-03
2.0703933747412010e-03
2.0703933747412010e-03
2.0833333333333333e-03
2.0703933747412010e-03
2.0703933747412010e-03
2.0703933747412010e-03
2.0703933747412010e-03
2.0703933747412010e-03
2.0703933747412010e-03
2.0703933747412010e-03
2.0703933747412010e-03
2.0703933747412010e-03
2.0703933747412010e-03
2.0703933747412010e-03
2.0703933747412010e-03
2.0703933747412010e-03
2.0703933747412010e-03
2.0703933747412010e-03
2.0703933747412010e-03
2.0703933747412010e-03
2.0703933747412010e-03
2.0703933747412010e-03
2.0703933747412010e-03
2.0703933747412010e-03
2.0703933747412010e-03
2.0703933747412010e-03
2.0703933747412010e-03
2.0703933747412010e-03
2.0703933747412010e-03
2.0703933747412010e-03
2.0703933747412010e-03
2.0703933747412010e-03
2.0703933747412010e-03
2.0703933747412010e-03
2.0703933747412010e-03
2.0703933747412010e-03
2.0833333333333333e-03
2.0703933747412010e-03
2.0703933747412010e-03
2.0703933747412010e-03
2.0703933747412010e-03
2.0703933747412010e-03
2.1052631578947368e-03
2.0703933747412010e-03
2.0703933747412010e-03
2.0703933747412010e-03
2.0703933747412010e-03
2.0703933747412010e-03
2.0703933747412010e-03
2.0703933747412010e-03
2.0703933747412010e-03
2.0703933747412010e-03
2.0703933747412010e-03
2.0703933747412010e-03
2.0703933747412010e-03
2.0703933747412010e-03
2.0703933747412010e-03
2.0703933747412010e-03
2.0703933747412010e-03
2.0703933747412010e-03
2.0703933747412010e-03
2.0703933747412010e-03
2.0703933747412010e-03
2.0703933747412010e-03
2.0703933747412010e-03
2.0703933747412010e-03
2.0703933747412010e-03
2.0703933747412010e-03
2.0703933747412010e-03
2.0703933747412010e-03
2.0703933747412010e-03
2.0703933747412010e-03
2.0703933747412010e-03
2.0703933747412010e-03
2.0703933747412010e-03
2.0703933747412010e-03
2.0703933747412010e-03
2.0703933747412010e-03
2.0703933747412010e-03
2.0703933747412010e-03
2.0703933747412010e-03
2.0703933747412010e-03
2.0703933747412010e-03
2.0703933747412010e-03
2.0703933747412010e-03
2.0703933747412010e-03
2.0703933747412010e-03
2.0790020790020791e-03
2.0703933747412010e-03
2.1276595744680851e-03
2.0703933747412010e-03
2.0790020790020791e-03
2.0703933747412010e-03
2.0703933747412010e-03
2.0576131687242800e-03
2.0703933747412010e-03
2.0790020790020791e-03
2.0790020790020791e-03
2.0790020790020791e-03
2.0790020790020791e-03
2.0703933747412010e-03
2.0703933747412010e-03
2.1186440677966102e-03
2.0703933747412010e-03
2.0703933747412010e-03
2.0833333333333333e-03
2.0703933747412010e-03
2.1052631578947368e-03
2.0790020790020791e-03
2.0746887966804979e-03
2.0703933747412010e-03
2.0790020790020791e-03
2.1186440677966102e-03
2.0833333333333333e-03
2.0833333333333333e-03
2.0833333333333333e-03
2.1052631578947368e-03
2.1052631578947368e-03
2.0790020790020791e-03
2.1052631578947368e-03
2.1186440677966102e-03
2.1052631578947368e-03
2.0746887966804979e-03
2.1276595744680851e-03
2.1276595744680851e-03
2.1052631578947368e-03
2.1276595744680851e-03
2.1052631578947368e-03
2.1052631578947368e-03
2.1052631578947368e-03
2.1052631578947368e-03
2.1052631578947368e-03
2.1276595744680851e-03
2.1052631578947368e-03
2.0790020790020791e-03
2.1052631578947368e-03
2.1052631578947368e-03
2.0964360587002098e-03
2.0746887966804979e-03
2.1459227467811159e-03
2.0746887966804979e-03
2.1052631578947368e-03
2.1052631578947368e-03
2.1052631578947368e-03
2.1052631578947368e-03
2.0790020790020791e-03
2.1052631578947368e-03
2.1052631578947368e-03
2.1052631578947368e-03
2.1052631578947368e-03
2.1052631578947368e-03
2.1052631578947368e-03
2.1052631578947368e-03
2.1052631578947368e-03
2.1052631578947368e-03
2.1052631578947368e-03
2.1459227467811159e-03
2.1052631578947368e-03
2.0746887966804979e-03
2.0746887966804979e-03
2.1052631578947368e-03
2.1052631578947368e-03
2.0833333333333333e-03
2.0790020790020791e-03
2.1052631578947368e-03
2.0790020790020791e-03
2.1052631578947368e-03
2.1052631578947368e-03
2.1052631578947368e-03
2.1186440677966102e-03
2.0790020790020791e-03
2.1052631578947368e-03
2.1052631578947368e-03
2.0790020790020791e-03
2.1052631578947368e-03
2.1186440677966102e-03
2.0746887966804979e-03
2.0790020790020791e-03
2.0790020790020791e-03
2.0790020790020791e-03
2.0790020790020791e-03
2.0790020790020791e-03
2.0790020790020791e-03
2.0790020790020791e-03
2.0790020790020791e-03
2.0202020202020202e-03
2.0790020790020791e-03
2.0790020790020791e-03
2.0790020790020791e-03
2.0790020790020791e-03
2.0790020790020791e-03
2.0790020790020791e-03
2.0790020790020791e-03
2.0790020790020791e-03
2.0790020790020791e-03
2.0790020790020791e-03
2.0790020790020791e-03
2.0790020790020791e-03
2.1052631578947368e-03
2.0790020790020791e-03
2.0790020790020791e-03
2.0790020790020791e-03
2.0790020790020791e-03
2.0790020790020791e-03
2.0790020790020791e-03
2.0790020790020791e-03
2.0790020790020791e-03
2.0790020790020791e-03
2.0790020790020791e-03
2.0790020790020791e-03
2.0790020790020791e-03
2.0790020790020791e-03
2.0790020790020791e-03
2.0790020790020791e-03
2.0790020790020791e-03
2.1052631578947368e-03
2.0790020790020791e-03
2.0790020790020791e-03
2.0790020790020791e-03
2.0790020790020791e-03
2.0790020790020791e-03
2.0790020790020791e-03
2.0790020790020791e-03
2.0790020790020791e-03
2.0790020790020791e-03
2.0790020790020791e-03
2.0833333333333333e-03
2.0790020790020791e-03
2.0790020790020791e-03
2.0790020790020791e-03
2.1097046413502108e-03
2.1097046413502108e-03
2.0790020790020791e-03
2.1097046413502108e-03
2.1052631578947368e-03
2.1052631578947368e-03
2.1097046413502108e-03
2.1097046413502108e-03
2.0790020790020791e-03
2.1097046413502108e-03
2.1097046413502108e-03
2.1097046413502108e-03
2.0790020790020791e-03
2.1141649048625794e-03
2.1141649048625794e-03
2.0790020790020791e-03
4.6728971962616819e-03
2.0876826722338203e-03
2.1052631578947368e-03
2.0790020790020791e-03
2.0790020790020791e-03
2.1052631578947368e-03
2.1186440677966102e-03
2.1052631578947368e-03
2.1052631578947368e-03
2.0964360587002098e-03
2.0876826722338203e-03
2.1141649048625794e-03
4.4247787610619468e-03
2.1052631578947368e-03
2.0876826722338203e-03
2.1141649048625794e-03
2.0790020790020791e-03
2.0790020790020791e-03
2.0790020790020791e-03
4.4247787610619468e-03
5.0251256281407036e-03
1.9723865877712033e-03
2.0790020790020791e-03
2.1097046413502108e-03
2.1276595744680851e-03
2.0790020790020791e-03
2.0833333333333333e-03
2.0283975659229209e-03
2.1276595744680851e-03
2.0283975659229209e-03
4.9751243781094526e-03
2.1276595744680851e-03
2.1097046413502108e-03
2.1097046413502108e-03
2.0283975659229209e-03
2.1186440677966102e-03
2.1276595744680851e-03
4.8780487804878049e-03
5.0251256281407036e-03
2.1276595744680851e-03
4.9751243781094526e-03
2.0790020790020791e-03
4.8309178743961350e-03
4.9751243781094526e-03
4.9751243781094526e-03
2.0790020790020791e-03
2.1929824561403508e-03
2.0790020790020791e-03
2.1978021978021978e-03
4.4843049327354259e-03
5.1020408163265302e-03
2.1231422505307855e-03
2.1276595744680851e-03
5.0251256281407036e-03
2.1276595744680851e-03
4.6511627906976744e-03
5.0251256281407036e-03
2.1978021978021978e-03
2.1008403361344537e-03
2.0746887966804979e-03
4.7619047619047623e-03
4.6948356807511738e-03
4.6948356807511738e-03
4.6948356807511738e-03
2.1141649048625794e-03
4.7619047619047623e-03
5.0251256281407036e-03
2.0964360587002098e-03
2.1052631578947368e-03
4.7619047619047623e-03
4.7619047619047623e-03
5.0251256281407036e-03
2.1186440677966102e-03
2.0833333333333333e-03
2.2321428571428570e-03
1.9723865877712033e-03
2.0833333333333333e-03
5.0251256281407036e-03
5.0251256281407036e-03
4.9504950495049506e-03
2.6737967914438501e-03
2.2321428571428570e-03
2.1186440677966102e-03
2.1978021978021978e-03
2.0661157024793389e-03
5.2631578947368420e-03
2.1786492374727671e-03
5.2631578947368420e-03
2.1052631578947368e-03
4.8309178743961350e-03
5.0251256281407036e-03
5.0505050505050509e-03
4.6296296296296294e-03
5.0251256281407036e-03
4.6296296296296294e-03
2.1276595744680851e-03
4.8309178743961350e-03
5.0251256281407036e-03
4.8309178743961350e-03
2.1786492374727671e-03
4.7619047619047623e-03
5.0251256281407036e-03
2.1231422505307855e-03
5.0251256281407036e-03
5.0251256281407036e-03
4.7393364928909956e-03
5.4347826086956520e-03
2.1231422505307855e-03
5.0251256281407036e-03
5.2083333333333330e-03
5.0251256281407036e-03
5.1020408163265302e-03
2.1321961620469083e-03
4.5045045045045045e-03
5.2083333333333330e-03
5.0251256281407036e-03
5.0251256281407036e-03
0.0
5.4054054054054057e-03
5.0251256281407036e-03
5.0251256281407036e-03
2.1052631578947368e-03
5.0251256281407036e-03
5.0761421319796950e-03
5.0251256281407036e-03
4.6296296296296294e-03
2.1231422505307855e-03
5.5555555555555558e-03
2.1231422505307855e-03
5.0505050505050509e-03
5.0505050505050509e-03
5.0761421319796950e-03
5.0251256281407036e-03
4.6296296296296294e-03
5.1282051282051282e-03
4.8780487804878049e-03
4.9504950495049506e-03
5.0761421319796950e-03
4.8780487804878049e-03
5.1282051282051282e-03
5.0505050505050509e-03
2.1231422505307855e-03
2.1598272138228943e-03
5.0505050505050509e-03
5.0251256281407036e-03
4.9751243781094526e-03
5.1282051282051282e-03
5.0000000000000001e-03
4.8543689320388345e-03
5.1282051282051282e-03
4.8543689320388345e-03
4.8780487804878049e-03
4.9504950495049506e-03
4.8543689320388345e-03
5.1282051282051282e-03
5.1282051282051282e-03
2.1691973969631237e-03
5.1282051282051282e-03
5.1282051282051282e-03
5.0761421319796950e-03
4.9504950495049506e-03
2.2573363431151240e-03
5.1020408163265302e-03
5.1020408163265302e-03
5.0761421319796950e-03
5.0761421319796950e-03
5.0761421319796950e-03
5.1020408163265302e-03
2.5575447570332483e-03
5.0761421319796950e-03
4.8780487804878049e-03
5.0761421319796950e-03
5.0251256281407036e-03
5.0761421319796950e-03
5.2083333333333330e-03
5.1282051282051282e-03
5.2631578947368420e-03
5.1282051282051282e-03
5.0761421319796950e-03
5.0251256281407036e-03
5.0251256281407036e-03
5.1020408163265302e-03
5.1020408163265302e-03
5.0251256281407036e-03
5.2631578947368420e-03
5.1020408163265302e-03
5.1020408163265302e-03
5.1020408163265302e-03
5.0251256281407036e-03
5.1020408163265302e-03
3.2362459546925568e-03
5.1020408163265302e-03
5.1020408163265302e-03
5.1020408163265302e-03
5.1020408163265302e-03
2.6737967914438501e-03
5.0761421319796950e-03
5.0761421319796950e-03
2.6737967914438501e-03
2.6737967914438501e-03
5.0761421319796950e-03
0.0
5.0761421319796950e-03
2.0790020790020791e-03
5.0761421319796950e-03
5.0761421319796950e-03
5.0761421319796950e-03
5.2356020942408380e-03
5.6179775280898875e-03
5.2356020942408380e-03
5.2356020942408380e-03
5.2356020942408380e-03
2.6737967914438501e-03
2.6737967914438501e-03
5.2631578947368420e-03
5.6818181818181820e-03
5.6818181818181820e-03
5.2631578947368420e-03
5.0505050505050509e-03
5.0505050505050509e-03
2.1929824561403508e-03
5.3191489361702126e-03
5.0000000000000001e-03
5.4347826086956520e-03
5.0505050505050509e-03
5.7142857142857143e-03
2.0790020790020791e-03
5.6818181818181820e-03
5.5555555555555558e-03
2.1505376344086021e-03
5.5555555555555558e-03
3.1152647975077881e-03
3.3783783783783786e-03
5.1546391752577319e-03
2.6809651474530832e-03
5.5555555555555558e-03
5.0251256281407036e-03
4.6082949308755760e-03
2.7027027027027029e-03
5.3191489361702126e-03
5.0251256281407036e-03
5.3191489361702126e-03
5.9171597633136093e-03
6.5359477124183009e-03
5.9171597633136093e-03
6.5359477124183009e-03
5.1546391752577319e-03
5.3763440860215058e-03
5.3763440860215058e-03
5.3763440860215058e-03
5.5865921787709499e-03
5.5865921787709499e-03
5.3763440860215058e-03
5.3191489361702126e-03
5.5865921787709499e-03
5.5865921787709499e-03
5.5865921787709499e-03
5.5865921787709499e-03
5.5865921787709499e-03
5.3191489361702126e-03
5.5865921787709499e-03
5.3191489361702126e-03
5.3191489361702126e-03
5.3191489361702126e-03
5.3763440860215058e-03
6.5359477124183009e-03
5.5865921787709499e-03
5.5865921787709499e-03
7.8740157480314960e-03
5.4347826086956520e-03
7.8740157480314960e-03
6.3291139240506328e-03
6.4935064935064939e-03
9.0090090090090089e-03
3.3333333333333331e-01
1.6666666666666666e-01
5.4347826086956520e-03
5.6818181818181820e-03
2.5000000000000000e-01
5.6818181818181820e-03
5.6179775280898875e-03
6.5359477124183009e-03
5.6179775280898875e-03
5.8823529411764705e-02
5.8139534883720929e-03
2.9411764705882353e-02
6.6666666666666671e-03
5.9171597633136093e-03
6.6666666666666671e-03
9.0909090909090905e-03
3.3333333333333331e-01
1.6666666666666666e-01
8.9285714285714281e-03
9.0909090909090905e-03
5.5248618784530384e-03
1.9607843137254902e-02
5.0000000000000000e-01
5.5248618784530384e-03
1.6129032258064516e-02
6.2500000000000003e-03
1.0526315789473684e-02
1.0526315789473684e-02
1.0526315789473684e-02
3.5087719298245615e-03
1.8518518518518517e-02
8.8495575221238937e-03
3.4482758620689655e-03
1.3157894736842105e-02
1.0000000000000000e+00
3.3333333333333331e-01
1.6666666666666666e-01
9.8039215686274508e-03
1.0000000000000000e+00
1.0000000000000000e+00
1.0000000000000000e+00
5.0000000000000000e-01
1.0000000000000000e+00
1.6666666666666666e-01
1.6666666666666666e-01
1.0000000000000000e+00
1.0000000000000000e+00
1.6666666666666666e-01
1.0000000000000000e+00
3.3333333333333331e-01
3.3333333333333331e-01
3.3333333333333331e-01
3.3333333333333331e-01
3.3333333333333331e-01
3.3333333333333331e-01
