5.0000000000000000e-01
3.8461538461538464e-02
2.7027027027027029e-02
2.7027027027027029e-02
2.7027027027027029e-02
2.7027027027027029e-02
2.3809523809523808e-02
4.5454545454545456e-02
3.8461538461538464e-02
2.7027027027027029e-02
2.7027027027027029e-02
7.1428571428571425e-02
5.8823529411764705e-02
7.6923076923076927e-02
1.6393442622950821e-02
1.6129032258064516e-02
1.7543859649122806e-02
2.7027027027027029e-02
2.9411764705882353e-02
3.8461538461538464e-02
3.1250000000000000e-02
2.7027027027027029e-02
3.0303030303030304e-02
1.0000000000000000e+00
2.5000000000000000e-01
2.0000000000000001e-01
2.0000000000000001e-01
2.5000000000000000e-01
2.0000000000000001e-01
7.1428571428571425e-02
5.8823529411764705e-02
7.6923076923076927e-02
1.6393442622950821e-02
1.7543859649122806e-02
3.3333333333333331e-01
1.4285714285714285e-01
7.6923076923076927e-02
2.8571428571428571e-02
3.8461538461538464e-02
1.7543859649122806e-02
1.0000000000000000e+00
5.0000000000000000e-01
4.0000000000000001e-02
4.1666666666666664e-02
2.2222222222222223e-02
1.7543859649122806e-02
4.5454545454545456e-02
4.0000000000000001e-02
4.1666666666666664e-02
3.1250000000000000e-02
1.7543859649122806e-02
7.1428571428571425e-02
5.8823529411764705e-02
7.6923076923076927e-02
1.6393442622950821e-02
5.8823529411764705e-02
7.6923076923076927e-02
1.6666666666666666e-02
1.7543859649122806e-02
1.4285714285714285e-01
7.6923076923076927e-02
1.6393442622950821e-02
1.7543859649122806e-02
3.3333333333333331e-01
5.0000000000000000e-01
2.9411764705882353e-02
2.7027027027027029e-02
1.6666666666666666e-02
2.8571428571428571e-02
5.2631578947368418e-02
5.2631578947368418e-02
4.5454545454545456e-02
2.8571428571428571e-02
2.7027027027027029e-02
1.9607843137254902e-02
1.6666666666666666e-02
2.7027027027027029e-02
2.9411764705882353e-02
3.8461538461538464e-02
2.6315789473684209e-02
3.3333333333333331e-01
3.3333333333333331e-01
4.5454545454545456e-02
4.1666666666666664e-02
1.7543859649122806e-02
2.8571428571428571e-02
2.7027027027027029e-02
2.2222222222222223e-02
1.7543859649122806e-02
3.4482758620689655e-02
4.5454545454545456e-02
5.2631578947368418e-02
4.5454545454545456e-02
1.3698630136986301e-02
1.6129032258064516e-02
1.7543859649122806e-02
3.3333333333333331e-01
3.3333333333333331e-01
7.6923076923076927e-02
2.7777777777777776e-02
5.0000000000000000e-01
5.0000000000000000e-01
3.1250000000000000e-02
7.1428571428571425e-02
5.8823529411764705e-02
7.6923076923076927e-02
2.0000000000000001e-01
2.0000000000000001e-01
2.0000000000000001e-01
2.0000000000000001e-01
2.0000000000000001e-01
1.6666666666666666e-01
2.0000000000000001e-01
2.5000000000000000e-01
4.1666666666666664e-02
4.3478260869565216e-02
4.1666666666666664e-02
2.8571428571428571e-02
0.0
1.9607843137254902e-02
4.5454545454545456e-02
5.0000000000000000e-01
2.3809523809523808e-02
1.0000000000000000e+00
2.0000000000000001e-01
2.5000000000000000e-01
5.0000000000000000e-01
5.0000000000000000e-01
1.0000000000000000e+00
4.1666666666666664e-02
2.3255813953488372e-02
1.7543859649122806e-02
3.3333333333333331e-01
2.0000000000000001e-01
7.6923076923076927e-02
3.3333333333333331e-01
2.0000000000000001e-01
2.0000000000000001e-01
2.0000000000000001e-01
1.0000000000000000e+00
1.0000000000000000e+00
1.6393442622950821e-02
1.7543859649122806e-02
1.6393442622950821e-02
1.7543859649122806e-02
1.4285714285714285e-01
1.6393442622950821e-02
1.6666666666666666e-01
2.5000000000000000e-01
2.5000000000000000e-01
2.0000000000000001e-01
2.5000000000000000e-01
2.0000000000000001e-01
2.5000000000000000e-01
2.0000000000000001e-01
2.0000000000000001e-01
2.5000000000000000e-01
1.2500000000000000e-01
1.2500000000000000e-01
1.2500000000000000e-01
2.0000000000000001e-01
3.3333333333333331e-01
3.2258064516129031e-02
1.6666666666666666e-01
2.5000000000000000e-01
1.0000000000000000e+00
1.0000000000000000e+00
1.0000000000000000e+00
3.3333333333333331e-01
1.7543859649122806e-02
2.5000000000000000e-01
2.0000000000000001e-01
4.1666666666666664e-02
4.1666666666666664e-02
0.0
1.7543859649122806e-02
1.0000000000000000e+00
3.3333333333333331e-01
3.3333333333333331e-01
4.1666666666666664e-02
3.3333333333333331e-01
3.3333333333333331e-01
4.1666666666666664e-02
4.1666666666666664e-02
3.3333333333333331e-01
2.0000000000000001e-01
5.0000000000000000e-01
2.5000000000000000e-01
1.2500000000000000e-01
1.2500000000000000e-01
4.1666666666666664e-02
4.1666666666666664e-02
4.5454545454545456e-02
4.5454545454545456e-02
4.1666666666666664e-02
4.1666666666666664e-02
5.0000000000000000e-01
3.3333333333333331e-01
3.3333333333333331e-01
5.0000000000000000e-01
5.0000000000000000e-01
1.0000000000000000e+00
4.5454545454545456e-02
5.0000000000000000e-01
8.3333333333333329e-02
1.0000000000000000e+00
1.0000000000000000e+00
1.0000000000000000e+00
1.0000000000000000e+00
1.0000000000000000e+00
1.0000000000000000e+00
2.2222222222222223e-02
1.6393442622950821e-02
1.6393442622950821e-02
1.7543859649122806e-02
1.6393442622950821e-02
1.6393442622950821e-02
7.6923076923076927e-02
1.5151515151515152e-02
1.6393442622950821e-02
1.6393442622950821e-02
1.6666666666666666e-02
1.6393442622950821e-02
1.6393442622950821e-02
1.6393442622950821e-02
1.6666666666666666e-02
1.8867924528301886e-02
1.6393442622950821e-02
1.6393442622950821e-02
3.3333333333333331e-01
3.3333333333333331e-01
3.3333333333333331e-01
0.0
3.8461538461538464e-02
1.6393442622950821e-02
1.7543859649122806e-02
1.7543859649122806e-02
5.0000000000000000e-01
1.0000000000000000e+00
1.6393442622950821e-02
1.8867924528301886e-02
1.0000000000000000e+00
1.0000000000000000e+00
1.0000000000000000e+00
3.3333333333333331e-01
1.9230769230769232e-02
3.8461538461538464e-02
3.3333333333333331e-01
5.2631578947368418e-02
1.0000000000000000e+00
1.0000000000000000e+00
1.0000000000000000e+00
1.0000000000000000e+00
3.3333333333333331e-01
3.3333333333333331e-01
2.5000000000000000e-01
1.0000000000000000e+00
2.3255813953488372e-02
1.7543859649122806e-02
4.0000000000000001e-02
3.3333333333333331e-01
3.7037037037037035e-02
2.2222222222222223e-02
4.0000000000000001e-02
1.4285714285714285e-01
1.4285714285714285e-01
1.4285714285714285e-01
1.4285714285714285e-01
1.4285714285714285e-01
1.4285714285714285e-01
1.4285714285714285e-01
4.1666666666666664e-02
4.1666666666666664e-02
5.0000000000000003e-02
2.0000000000000000e-02
1.0000000000000000e+00
4.1666666666666664e-02
4.1666666666666664e-02
5.0000000000000003e-02
4.1666666666666664e-02
5.0000000000000000e-01
5.0000000000000000e-01
1.0000000000000000e+00
4.1666666666666664e-02
4.1666666666666664e-02
4.0000000000000001e-02
1.0000000000000000e+00
1.0000000000000000e+00
1.0000000000000000e+00
4.1666666666666664e-02
5.0000000000000003e-02
4.1666666666666664e-02
4.1666666666666664e-02
1.0000000000000000e+00
4.7619047619047616e-02
4.7619047619047616e-02
4.7619047619047616e-02
4.7619047619047616e-02
4.7619047619047616e-02
4.7619047619047616e-02
4.7619047619047616e-02
4.1666666666666664e-02
2.5000000000000000e-01
3.8461538461538464e-02
1.2500000000000000e-01
1.2500000000000000e-01
1.0000000000000000e+00
2.5000000000000000e-01
1.1111111111111110e-01
1.0000000000000000e+00
3.7037037037037035e-02
1.0000000000000000e+00
5.8823529411764705e-02
1.0000000000000000e+00
5.0000000000000000e-01
1.2500000000000000e-01
1.0000000000000000e+00
1.0000000000000000e+00
5.0000000000000000e-01
3.3333333333333331e-01
