3.5087719298245615e-03
2.5000000000000000e-01
5.0000000000000000e-01
2.5000000000000000e-01
5.0000000000000000e-01
1.0000000000000000e+00
1.0000000000000000e+00
3.3333333333333331e-01
5.0000000000000000e-01
3.3333333333333331e-01
5.0000000000000000e-01
3.5087719298245615e-03
3.5087719298245615e-03
3.5087719298245615e-03
3.5087719298245615e-03
3.5087719298245615e-03
3.5087719298245615e-03
3.4965034965034965e-03
3.4965034965034965e-03
3.5087719298245615e-03
3.5087719298245615e-03
3.4965034965034965e-03
3.5087719298245615e-03
3.5087719298245615e-03
3.4965034965034965e-03
3.5087719298245615e-03
3.4965034965034965e-03
3.5087719298245615e-03
3.4965034965034965e-03
3.5087719298245615e-03
3.4965034965034965e-03
3.4965034965034965e-03
3.5087719298245615e-03
3.5087719298245615e-03
3.4965034965034965e-03
3.4965034965034965e-03
3.4965034965034965e-03
3.5087719298245615e-03
3.5087719298245615e-03
3.5087719298245615e-03
3.4965034965034965e-03
3.4965034965034965e-03
3.4965034965034965e-03
3.5087719298245615e-03
3.4965034965034965e-03
3.4965034965034965e-03
3.4965034965034965e-03
3.4965034965034965e-03
3.5211267605633804e-03
3.4965034965034965e-03
3.5087719298245615e-03
3.4965034965034965e-03
3.5087719298245615e-03
3.4965034965034965e-03
3.5087719298245615e-03
3.5087719298245615e-03
3.5087719298245615e-03
3.5087719298245615e-03
3.4965034965034965e-03
3.4965034965034965e-03
3.4965034965034965e-03
3.5087719298245615e-03
3.5087719298245615e-03
3.5087719298245615e-03
3.5087719298245615e-03
3.5087719298245615e-03
3.5087719298245615e-03
3.4965034965034965e-03
3.5087719298245615e-03
3.4965034965034965e-03
3.5087719298245615e-03
3.4965034965034965e-03
3.4965034965034965e-03
3.4965034965034965e-03
3.5087719298245615e-03
3.4965034965034965e-03
3.4965034965034965e-03
3.5087719298245615e-03
3.5087719298245615e-03
3.5087719298245615e-03
3.4965034965034965e-03
3.5087719298245615e-03
3.4965034965034965e-03
3.5087719298245615e-03
3.4965034965034965e-03
3.4965034965034965e-03
3.5087719298245615e-03
3.4965034965034965e-03
3.5087719298245615e-03
3.5087719298245615e-03
3.5087719298245615e-03
3.5087719298245615e-03
3.4965034965034965e-03
3.5211267605633804e-03
3.5087719298245615e-03
3.5087719298245615e-03
3.5087719298245615e-03
3.4965034965034965e-03
3.4965034965034965e-03
3.5087719298245615e-03
3.5087719298245615e-03
3.4965034965034965e-03
3.4965034965034965e-03
3.4965034965034965e-03
3.5087719298245615e-03
3.5211267605633804e-03
3.5087719298245615e-03
3.5335689045936395e-03
3.5087719298245615e-03
3.5087719298245615e-03
3.5087719298245615e-03
3.5087719298245615e-03
3.5087719298245615e-03
3.4965034965034965e-03
3.4965034965034965e-03
3.5587188612099642e-03
3.5335689045936395e-03
3.4965034965034965e-03
3.5587188612099642e-03
3.4965034965034965e-03
3.7037037037037038e-03
3.5587188612099642e-03
3.5842293906810036e-03
3.5587188612099642e-03
3.5335689045936395e-03
3.5335689045936395e-03
3.5587188612099642e-03
3.6363636363636364e-03
3.5211267605633804e-03
3.5335689045936395e-03
3.5211267605633804e-03
3.5842293906810036e-03
3.5971223021582736e-03
3.5842293906810036e-03
3.6231884057971015e-03
3.6231884057971015e-03
3.5211267605633804e-03
3.5842293906810036e-03
3.5714285714285713e-03
3.5714285714285713e-03
3.5335689045936395e-03
3.6231884057971015e-03
3.7593984962406013e-03
3.6231884057971015e-03
3.5087719298245615e-03
3.7593984962406013e-03
3.7593984962406013e-03
3.6764705882352941e-03
3.5842293906810036e-03
3.5335689045936395e-03
3.7735849056603774e-03
3.5714285714285713e-03
3.5842293906810036e-03
3.5842293906810036e-03
3.7313432835820895e-03
3.6101083032490976e-03
3.7593984962406013e-03
3.6101083032490976e-03
3.5842293906810036e-03
3.6764705882352941e-03
3.6101083032490976e-03
3.7037037037037038e-03
3.7037037037037038e-03
3.5842293906810036e-03
3.5842293906810036e-03
3.5842293906810036e-03
3.5587188612099642e-03
3.5842293906810036e-03
3.5842293906810036e-03
3.7037037037037038e-03
3.6900369003690036e-03
3.7037037037037038e-03
3.7037037037037038e-03
3.6900369003690036e-03
3.5842293906810036e-03
4.0160642570281121e-03
3.7037037037037038e-03
3.5842293906810036e-03
3.6101083032490976e-03
3.6101083032490976e-03
3.5842293906810036e-03
3.5714285714285713e-03
3.5587188612099642e-03
4.1493775933609959e-03
3.5842293906810036e-03
3.5842293906810036e-03
3.6900369003690036e-03
3.7037037037037038e-03
3.6101083032490976e-03
3.5842293906810036e-03
3.5971223021582736e-03
3.5842293906810036e-03
3.6900369003690036e-03
3.7735849056603774e-03
3.5842293906810036e-03
3.5842293906810036e-03
4.2372881355932203e-03
3.8022813688212928e-03
3.7593984962406013e-03
3.8022813688212928e-03
3.8461538461538464e-03
3.7735849056603774e-03
3.6900369003690036e-03
3.6900369003690036e-03
3.7593984962406013e-03
3.6101083032490976e-03
3.6900369003690036e-03
4.2016806722689074e-03
3.5842293906810036e-03
4.0000000000000001e-03
3.5971223021582736e-03
3.6231884057971015e-03
3.6363636363636364e-03
3.8610038610038611e-03
3.6900369003690036e-03
3.6363636363636364e-03
3.6764705882352941e-03
3.6231884057971015e-03
3.8910505836575876e-03
3.6900369003690036e-03
3.8314176245210726e-03
4.0000000000000001e-03
3.8314176245210726e-03
4.0160642570281121e-03
3.6900369003690036e-03
3.6900369003690036e-03
3.6900369003690036e-03
3.8461538461538464e-03
3.7593984962406013e-03
3.6496350364963502e-03
3.8167938931297708e-03
4.1152263374485600e-03
4.1152263374485600e-03
4.0650406504065045e-03
3.6363636363636364e-03
3.9062500000000000e-03
4.0000000000000001e-03
4.0000000000000001e-03
4.0485829959514170e-03
3.9840637450199202e-03
4.0983606557377051e-03
4.3859649122807015e-03
3.7453183520599251e-03
4.1322314049586778e-03
3.6900369003690036e-03
3.6900369003690036e-03
4.3859649122807015e-03
4.0000000000000001e-03
3.7313432835820895e-03
3.9840637450199202e-03
4.0000000000000001e-03
3.8910505836575876e-03
4.7393364928909956e-03
3.6630036630036630e-03
4.0000000000000001e-03
3.8314176245210726e-03
3.8610038610038611e-03
4.4052863436123352e-03
3.8910505836575876e-03
3.7593984962406013e-03
4.7393364928909956e-03
0.0
4.7393364928909956e-03
5.6497175141242938e-03
4.1322314049586778e-03
4.0160642570281121e-03
4.9261083743842365e-03
3.8910505836575876e-03
3.9840637450199202e-03
6.7114093959731542e-03
3.9370078740157480e-03
3.9840637450199202e-03
5.4644808743169399e-03
3.9370078740157480e-03
3.6231884057971015e-03
4.3859649122807015e-03
4.2735042735042739e-03
4.0650406504065045e-03
3.9840637450199202e-03
3.9840637450199202e-03
4.0000000000000001e-03
6.0975609756097563e-03
3.8759689922480620e-03
4.5871559633027525e-03
3.7878787878787880e-03
4.4843049327354259e-03
4.0485829959514170e-03
3.7174721189591076e-03
4.4444444444444444e-03
3.8314176245210726e-03
8.5470085470085479e-03
9.7087378640776691e-03
7.0921985815602835e-03
9.7087378640776691e-03
1.4705882352941176e-02
9.0909090909090912e-02
2.2222222222222223e-02
1.6949152542372881e-02
1.6949152542372881e-02
3.7037037037037035e-02
3.7037037037037035e-02
1.5625000000000000e-02
4.5045045045045045e-03
2.5000000000000000e-01
6.6666666666666666e-02
1.6949152542372881e-02
1.1111111111111110e-01
2.5000000000000000e-01
2.5000000000000000e-01
5.0000000000000000e-01
2.0000000000000001e-01
5.0000000000000000e-01
5.0000000000000000e-01
3.3333333333333331e-01
5.0000000000000000e-01
3.3333333333333331e-01
1.4285714285714285e-01
1.0000000000000000e+00
1.0000000000000000e+00
3.3333333333333331e-01
5.0000000000000000e-01
5.0000000000000000e-01
5.0000000000000000e-01
1.0000000000000000e+00
1.0000000000000000e+00
3.3333333333333331e-01
1.0000000000000000e+00
2.5000000000000000e-01
5.0000000000000000e-01
5.0000000000000000e-01
5.0000000000000000e-01
1.0000000000000000e+00
5.0000000000000000e-01
3.3333333333333331e-01
3.3333333333333331e-01
1.0000000000000000e+00
5.0000000000000000e-01
3.3333333333333331e-01
3.3333333333333331e-01
3.3333333333333331e-01
3.3333333333333331e-01
3.3333333333333331e-01
5.0000000000000000e-01
1.0000000000000000e+00
5.0000000000000000e-01
3.3333333333333331e-01
5.0000000000000000e-01
3.3333333333333331e-01
3.3333333333333331e-01
3.3333333333333331e-01
5.0000000000000000e-01
5.0000000000000000e-01
1.0000000000000000e+00
2.5000000000000000e-01
1.0000000000000000e+00
3.3333333333333331e-01
3.3333333333333331e-01
1.6666666666666666e-01
1.2500000000000000e-01
1.0000000000000000e+00
1.0000000000000000e+00
5.0000000000000000e-01
1.0000000000000000e+00
1.0000000000000001e-01
5.0000000000000000e-01
2.0000000000000001e-01
3.3333333333333331e-01
3.3333333333333331e-01
3.3333333333333331e-01
6.6666666666666666e-02
2.0000000000000001e-01
5.0000000000000000e-01
3.3333333333333331e-01
1.6666666666666666e-01
9.0909090909090912e-02
2.0000000000000001e-01
2.5000000000000000e-01
3.3333333333333331e-01
1.4285714285714285e-01
3.3333333333333331e-01
9.0909090909090912e-02
7.9365079365079361e-03
3.3333333333333331e-01
1.0000000000000000e+00
1.6666666666666666e-01
1.6666666666666666e-01
1.6666666666666666e-01
5.0000000000000000e-01
1.1111111111111110e-01
5.0000000000000000e-01
1.6666666666666666e-01
1.6666666666666666e-01
4.5454545454545456e-02
2.5000000000000000e-01
3.3333333333333331e-01
1.0000000000000000e+00
1.4285714285714285e-01
1.2500000000000000e-01
1.0000000000000000e+00
5.0000000000000000e-01
1.0000000000000000e+00
1.4285714285714285e-01
1.1111111111111110e-01
1.4285714285714285e-01
9.0909090909090912e-02
1.0000000000000000e+00
9.0909090909090912e-02
1.0000000000000000e+00
1.4285714285714285e-01
1.4285714285714285e-01
1.1111111111111110e-01
1.0000000000000000e+00
1.6666666666666666e-01
1.6666666666666666e-01
1.2500000000000000e-01
2.0000000000000001e-01
1.2500000000000000e-01
3.3333333333333331e-01
8.3333333333333329e-02
1.6666666666666666e-01
3.5714285714285712e-02
1.4285714285714285e-01
1.6666666666666666e-01
1.4285714285714285e-01
1.6666666666666666e-01
4.1666666666666664e-02
1.2500000000000000e-01
1.4285714285714285e-01
1.4285714285714285e-01
1.4285714285714285e-01
4.0000000000000001e-02
1.4285714285714285e-01
1.1111111111111110e-01
5.0000000000000000e-01
1.1111111111111110e-01
1.1111111111111110e-01
5.0000000000000000e-01
1.0000000000000000e+00
2.5000000000000000e-01
1.1111111111111110e-01
4.1666666666666664e-02
4.3478260869565216e-02
1.0000000000000000e+00
5.0000000000000000e-01
1.0000000000000000e+00
1.4285714285714285e-01
3.3333333333333331e-01
1.0000000000000000e+00
1.4285714285714285e-01
8.3333333333333329e-02
3.3333333333333331e-01
6.2500000000000000e-02
3.8461538461538464e-02
5.0000000000000000e-01
4.1666666666666664e-02
1.0000000000000000e+00
1.1111111111111110e-01
3.3333333333333331e-01
5.5555555555555552e-02
2.5000000000000000e-01
2.0000000000000001e-01
1.2500000000000000e-01
8.3333333333333329e-02
1.0000000000000000e+00
1.4285714285714285e-01
9.0909090909090912e-02
5.0000000000000000e-01
2.0000000000000001e-01
3.3333333333333331e-01
3.3333333333333331e-01
1.0000000000000001e-01
1.0000000000000000e+00
5.0000000000000000e-01
1.1111111111111110e-01
5.8823529411764705e-02
4.7619047619047616e-02
1.2500000000000000e-01
1.0000000000000000e+00
1.0000000000000000e+00
1.1111111111111110e-01
4.0000000000000001e-02
4.1666666666666664e-02
4.0000000000000001e-02
1.1111111111111110e-01
1.1111111111111110e-01
1.2500000000000000e-01
1.1111111111111110e-01
1.2500000000000000e-01
1.4285714285714285e-01
1.0000000000000001e-01
5.0000000000000000e-01
1.0000000000000000e+00
4.1666666666666664e-02
9.0909090909090912e-02
6.2500000000000000e-02
1.0000000000000000e+00
5.5555555555555552e-02
1.0000000000000001e-01
5.0000000000000000e-01
3.3333333333333331e-01
3.3333333333333331e-01
9.0909090909090912e-02
1.0000000000000000e+00
1.6666666666666666e-01
5.0000000000000000e-01
5.5555555555555552e-02
5.5555555555555552e-02
5.5555555555555552e-02
1.0000000000000000e+00
1.4285714285714285e-01
1.4285714285714285e-01
1.0000000000000000e+00
6.2500000000000000e-02
1.0000000000000000e+00
1.0000000000000000e+00
2.0000000000000001e-01
1.0000000000000000e+00
5.8823529411764705e-02
6.2500000000000000e-02
1.0000000000000000e+00
2.0000000000000001e-01
1.0000000000000000e+00
8.3333333333333329e-02
1.0000000000000001e-01
4.5454545454545456e-02
1.0000000000000000e+00
2.9411764705882353e-02
2.0000000000000001e-01
1.0000000000000000e+00
1.4285714285714285e-01
1.1111111111111110e-01
2.5000000000000000e-01
2.0000000000000001e-01
2.0000000000000001e-01
3.4482758620689655e-02
3.4482758620689655e-02
1.0000000000000000e+00
3.1250000000000000e-02
1.0000000000000000e+00
5.8823529411764705e-02
6.2500000000000000e-02
3.1250000000000000e-02
2.0000000000000001e-01
2.0000000000000001e-01
2.9411764705882353e-02
2.9411764705882353e-02
1.0000000000000001e-01
3.1250000000000000e-02
3.1250000000000000e-02
5.0000000000000000e-01
3.1250000000000000e-02
3.1250000000000000e-02
2.0000000000000001e-01
1.0000000000000000e+00
5.0000000000000000e-01
2.8571428571428571e-02
2.8571428571428571e-02
3.1250000000000000e-02
3.1250000000000000e-02
1.0000000000000000e+00
3.1250000000000000e-02
1.4285714285714285e-01
2.8571428571428571e-02
3.4482758620689655e-02
5.0000000000000000e-01
1.0000000000000000e+00
1.0000000000000000e+00
2.5000000000000000e-01
3.5714285714285712e-02
2.5000000000000000e-01
3.3333333333333331e-01
3.1250000000000000e-02
3.1250000000000000e-02
3.1250000000000000e-02
3.1250000000000000e-02
4.7619047619047616e-02
2.5000000000000000e-01
3.1250000000000000e-02
1.0000000000000000e+00
1.0000000000000000e+00
2.5000000000000000e-01
3.0303030303030304e-02
2.5000000000000000e-01
2.0000000000000001e-01
4.7619047619047616e-02
3.7037037037037035e-02
7.1428571428571425e-02
1.0000000000000000e+00
1.0000000000000000e+00
1.0000000000000000e+00
3.3333333333333333e-02
3.7037037037037035e-02
1.0000000000000000e+00
4.7619047619047616e-02
4.7619047619047616e-02
4.7619047619047616e-02
4.7619047619047616e-02
4.7619047619047616e-02
4.7619047619047616e-02
4.7619047619047616e-02
3.7037037037037035e-02
3.3333333333333333e-02
4.7619047619047616e-02
1.0000000000000000e+00
1.0000000000000000e+00
1.0000000000000000e+00
1.0000000000000000e+00
3.4482758620689655e-02
5.0000000000000000e-01
3.3333333333333331e-01
1.6666666666666666e-01
3.3333333333333331e-01
5.0000000000000000e-01
3.3333333333333331e-01
3.3333333333333331e-01
5.0000000000000000e-01
1.0000000000000000e+00
5.8823529411764705e-02
4.7619047619047616e-02
1.0000000000000000e+00
5.8823529411764705e-02
5.8823529411764705e-02
5.8823529411764705e-02
1.0000000000000000e+00
1.0000000000000000e+00
3.3333333333333333e-02
1.0000000000000000e+00
1.0000000000000000e+00
1.0000000000000000e+00
6.2500000000000000e-02
6.2500000000000000e-02
1.0000000000000000e+00
1.0000000000000000e+00
5.8823529411764705e-02
2.0000000000000001e-01
