2.9411764705882353e-02
3.1250000000000000e-02
1.2048192771084338e-02
1.6393442622950821e-02
2.8571428571428571e-02
1.6393442622950821e-02
5.5555555555555552e-02
2.1739130434782608e-02
1.0869565217391304e-02
1.2500000000000001e-02
4.0000000000000001e-02
2.7027027027027029e-02
1.5151515151515152e-02
2.0000000000000000e-02
2.9411764705882353e-02
2.5000000000000001e-02
1.7543859649122806e-02
2.7027027027027029e-02
1.2500000000000001e-02
2.4390243902439025e-02
2.1739130434782608e-02
2.0408163265306121e-02
2.1276595744680851e-02
5.2631578947368418e-02
1.6393442622950821e-02
3.0303030303030304e-02
1.6949152542372881e-02
8.3333333333333329e-02
3.2258064516129031e-02
2.7777777777777776e-02
4.3478260869565216e-02
3.5714285714285712e-02
2.1739130434782608e-02
2.7777777777777776e-02
2.5641025641025640e-02
1.1111111111111110e-01
2.0000000000000000e-02
3.4482758620689655e-02
4.0000000000000001e-02
7.6923076923076927e-02
3.3333333333333333e-02
3.0303030303030304e-02
2.5641025641025640e-02
2.0000000000000000e-02
6.6666666666666666e-02
2.0000000000000000e-02
5.0000000000000003e-02
3.2258064516129031e-02
2.6315789473684209e-02
1.1111111111111110e-01
1.4285714285714285e-01
1.8181818181818181e-02
7.6923076923076927e-02
3.1250000000000000e-02
2.2727272727272728e-02
7.6923076923076927e-02
2.4390243902439025e-02
1.8518518518518517e-02
2.7027027027027029e-02
1.7543859649122806e-02
2.1739130434782608e-02
1.4285714285714285e-01
3.8461538461538464e-02
3.3333333333333333e-02
2.1276595744680851e-02
2.3255813953488372e-02
2.4390243902439025e-02
3.8461538461538464e-02
3.0303030303030304e-02
2.0000000000000001e-01
4.0000000000000001e-02
2.5641025641025640e-02
6.6666666666666666e-02
2.3255813953488372e-02
7.1428571428571425e-02
4.0000000000000001e-02
5.5555555555555552e-02
1.9230769230769232e-02
2.7777777777777776e-02
5.2631578947368418e-02
4.1666666666666664e-02
7.6923076923076927e-02
1.6666666666666666e-01
2.9411764705882353e-02
3.7037037037037035e-02
2.3255813953488372e-02
6.6666666666666666e-02
2.0000000000000001e-01
2.0000000000000000e-02
4.3478260869565216e-02
1.4285714285714285e-01
4.3478260869565216e-02
3.8461538461538464e-02
8.3333333333333329e-02
2.0408163265306121e-02
6.8493150684931503e-03
6.8493150684931503e-03
6.7567567567567571e-03
6.8493150684931503e-03
6.8493150684931503e-03
4.3478260869565216e-02
6.8493150684931503e-03
6.7567567567567571e-03
7.0921985815602835e-03
2.7777777777777776e-02
3.2258064516129031e-02
6.9444444444444441e-03
6.4935064935064939e-03
5.2631578947368418e-02
7.0921985815602835e-03
9.0909090909090912e-02
2.0000000000000001e-01
6.2500000000000000e-02
6.8965517241379309e-03
6.2500000000000000e-02
1.1111111111111110e-01
6.6666666666666671e-03
6.6666666666666666e-02
6.8027210884353739e-03
1.0000000000000001e-01
3.8461538461538464e-02
7.0921985815602835e-03
7.1428571428571425e-02
9.0909090909090912e-02
4.5454545454545456e-02
9.0909090909090912e-02
6.8965517241379309e-03
7.9365079365079361e-03
7.1942446043165471e-03
6.9444444444444441e-03
1.2500000000000000e-01
6.9444444444444441e-03
2.5000000000000001e-02
6.4935064935064939e-03
1.2500000000000000e-01
6.7114093959731542e-03
6.7114093959731542e-03
3.3333333333333331e-01
4.1666666666666664e-02
6.7114093959731542e-03
1.2500000000000000e-01
6.5789473684210523e-03
6.9930069930069930e-03
6.7114093959731542e-03
7.1942446043165471e-03
6.8493150684931503e-03
6.4935064935064939e-03
6.4516129032258064e-03
7.2992700729927005e-03
6.4516129032258064e-03
6.7567567567567571e-03
6.8493150684931503e-03
6.7567567567567571e-03
4.0000000000000001e-02
6.8027210884353739e-03
8.3333333333333329e-02
6.8493150684931503e-03
6.8493150684931503e-03
6.7567567567567571e-03
5.5555555555555552e-02
6.8965517241379309e-03
6.8493150684931503e-03
7.5187969924812026e-03
5.0000000000000000e-01
6.8493150684931503e-03
7.2992700729927005e-03
7.4074074074074077e-03
6.7567567567567571e-03
6.7567567567567571e-03
7.3529411764705881e-03
9.0909090909090912e-02
6.8493150684931503e-03
6.8493150684931503e-03
6.8493150684931503e-03
1.0000000000000001e-01
1.1111111111111110e-01
6.8493150684931503e-03
6.8965517241379309e-03
7.4626865671641790e-03
6.4102564102564100e-03
6.4102564102564100e-03
7.6335877862595417e-03
3.3333333333333333e-02
6.8965517241379309e-03
1.6666666666666666e-01
1.2500000000000000e-01
7.1428571428571426e-03
6.6666666666666671e-03
7.1428571428571426e-03
4.0000000000000001e-02
6.8493150684931503e-03
7.1428571428571426e-03
8.4033613445378148e-03
6.7567567567567571e-03
3.5714285714285712e-02
5.0000000000000003e-02
7.2992700729927005e-03
6.5789473684210523e-03
1.0000000000000001e-01
6.8965517241379309e-03
7.0921985815602835e-03
6.8493150684931503e-03
6.9444444444444441e-03
6.8493150684931503e-03
6.8493150684931503e-03
7.1942446043165471e-03
7.6923076923076927e-03
7.3529411764705881e-03
7.6923076923076927e-03
7.3529411764705881e-03
7.1428571428571426e-03
7.3529411764705881e-03
7.4626865671641790e-03
6.8965517241379309e-03
7.3529411764705881e-03
8.0000000000000002e-03
7.0422535211267607e-03
7.0921985815602835e-03
6.8027210884353739e-03
7.4074074074074077e-03
1.6666666666666666e-01
9.3457943925233638e-03
1.0000000000000001e-01
3.5714285714285712e-02
2.0000000000000001e-01
7.1942446043165471e-03
7.4626865671641790e-03
7.4626865671641790e-03
6.9444444444444441e-03
7.4626865671641790e-03
1.0000000000000001e-01
7.2992700729927005e-03
6.9444444444444441e-03
7.6335877862595417e-03
7.5757575757575760e-03
6.8493150684931503e-03
6.9930069930069930e-03
7.0422535211267607e-03
8.0000000000000002e-03
7.3529411764705881e-03
6.7567567567567571e-03
8.1967213114754103e-03
8.1967213114754103e-03
1.1111111111111110e-01
6.9444444444444441e-03
1.2500000000000000e-01
2.5000000000000000e-01
7.1428571428571426e-03
8.2644628099173556e-03
7.2992700729927005e-03
3.2258064516129031e-02
7.6923076923076927e-02
3.2258064516129031e-02
2.1739130434782608e-02
5.0000000000000000e-01
9.0909090909090905e-03
7.1428571428571425e-02
2.0000000000000001e-01
7.3529411764705881e-03
1.0000000000000000e-02
8.5470085470085479e-03
1.6666666666666666e-01
1.6666666666666666e-01
8.8495575221238937e-03
6.9444444444444441e-03
1.1111111111111110e-01
2.0000000000000001e-01
5.0000000000000000e-01
3.2258064516129031e-02
1.6666666666666666e-01
3.3333333333333331e-01
7.8125000000000000e-03
2.3255813953488372e-02
1.0000000000000000e+00
2.0000000000000001e-01
2.0000000000000001e-01
6.9930069930069930e-03
7.0422535211267607e-03
7.4626865671641790e-03
2.5000000000000000e-01
7.8740157480314960e-03
6.9444444444444441e-03
5.5555555555555552e-02
2.1739130434782608e-02
2.1739130434782608e-02
2.0000000000000001e-01
2.5000000000000000e-01
9.0909090909090912e-02
2.3809523809523808e-02
1.6949152542372881e-02
1.0526315789473684e-02
7.8125000000000000e-03
3.3333333333333331e-01
2.5000000000000000e-01
1.4285714285714285e-01
7.5187969924812026e-03
1.0526315789473684e-02
8.6956521739130436e-03
7.8125000000000000e-03
2.0000000000000001e-01
8.6206896551724137e-03
6.8965517241379309e-03
3.0303030303030304e-02
2.8571428571428571e-02
3.3333333333333331e-01
8.1967213114754103e-03
4.3478260869565216e-02
1.8181818181818181e-02
1.6666666666666666e-01
7.6335877862595417e-03
2.5000000000000000e-01
3.8461538461538464e-02
9.7087378640776691e-03
7.4074074074074077e-03
3.2258064516129031e-02
9.7087378640776691e-03
1.0000000000000000e+00
3.3333333333333331e-01
2.5000000000000000e-01
8.1300813008130090e-03
3.2258064516129031e-02
2.0833333333333332e-02
3.3333333333333331e-01
2.8571428571428571e-02
2.5000000000000000e-01
7.6923076923076927e-03
8.6206896551724137e-03
2.5000000000000000e-01
4.7619047619047616e-02
2.5000000000000000e-01
1.0000000000000000e+00
1.0000000000000000e+00
8.1300813008130090e-03
8.2644628099173556e-03
2.5000000000000000e-01
4.3478260869565216e-02
1.0000000000000000e+00
7.5187969924812026e-03
6.6666666666666666e-02
2.5000000000000000e-01
1.0000000000000000e+00
3.4482758620689655e-02
3.3333333333333331e-01
5.0000000000000000e-01
1.0000000000000000e+00
5.0000000000000003e-02
7.6923076923076927e-02
2.5000000000000000e-01
3.3333333333333331e-01
1.6666666666666666e-01
9.0909090909090912e-02
7.6923076923076927e-02
4.5454545454545456e-02
5.0000000000000000e-01
4.3478260869565216e-02
3.4482758620689655e-02
3.5714285714285712e-02
1.0000000000000000e+00
1.0000000000000001e-01
5.5555555555555552e-02
5.0000000000000000e-01
5.0000000000000000e-01
2.5000000000000000e-01
4.3478260869565216e-02
4.1666666666666664e-02
4.0000000000000001e-02
4.1666666666666664e-02
4.7619047619047616e-02
5.0000000000000003e-02
4.5454545454545456e-02
4.1666666666666664e-02
3.8461538461538464e-02
1.0000000000000000e+00
5.8823529411764705e-02
1.2500000000000000e-01
1.0000000000000000e+00
3.0303030303030304e-02
3.8461538461538464e-02
4.1666666666666664e-02
5.0000000000000000e-01
0.0
5.0000000000000003e-02
2.7777777777777776e-02
1.0000000000000000e+00
4.3478260869565216e-02
4.5454545454545456e-02
3.4482758620689655e-02
1.0000000000000001e-01
4.3478260869565216e-02
5.2631578947368418e-02
4.3478260869565216e-02
2.5641025641025640e-02
5.2631578947368418e-02
4.5454545454545456e-02
3.7037037037037035e-02
2.7027027027027029e-02
1.0000000000000000e+00
2.7027027027027029e-02
2.0000000000000001e-01
1.1111111111111110e-01
3.3333333333333331e-01
4.7619047619047616e-02
4.3478260869565216e-02
0.0
4.3478260869565216e-02
3.4482758620689655e-02
3.7037037037037035e-02
1.0000000000000000e+00
7.6923076923076927e-02
4.1666666666666664e-02
5.0000000000000000e-01
1.1111111111111110e-01
1.0000000000000000e+00
5.5555555555555552e-02
3.3333333333333331e-01
8.3333333333333329e-02
1.0000000000000000e+00
1.0000000000000000e+00
4.3478260869565216e-02
1.0000000000000000e+00
2.9411764705882353e-02
3.3333333333333331e-01
1.0000000000000000e+00
5.8823529411764705e-02
0.0
1.0000000000000000e+00
1.0000000000000000e+00
2.5000000000000000e-01
1.2500000000000000e-01
1.2500000000000000e-01
1.2500000000000000e-01
1.2500000000000000e-01
1.6666666666666666e-01
1.2500000000000000e-01
1.0000000000000000e+00
1.0000000000000000e+00
1.6666666666666666e-01
1.6666666666666666e-01
5.0000000000000000e-01
3.3333333333333331e-01
3.3333333333333331e-01
3.3333333333333331e-01
3.3333333333333331e-01
1.2500000000000000e-01
1.0000000000000000e+00
3.3333333333333331e-01
