6.5789473684210523e-03
2.3809523809523808e-02
6.2500000000000000e-02
2.5000000000000000e-01
3.3333333333333331e-01
2.5000000000000000e-01
3.3333333333333331e-01
2.5000000000000000e-01
3.3333333333333331e-01
6.6666666666666671e-03
6.6225165562913907e-03
6.6666666666666671e-03
6.5789473684210523e-03
6.6225165562913907e-03
6.5789473684210523e-03
6.6666666666666671e-03
6.6225165562913907e-03
6.5789473684210523e-03
6.5789473684210523e-03
6.5789473684210523e-03
6.5789473684210523e-03
6.5789473684210523e-03
6.5789473684210523e-03
6.5789473684210523e-03
6.5789473684210523e-03
6.5789473684210523e-03
6.5789473684210523e-03
6.5789473684210523e-03
6.5789473684210523e-03
6.5789473684210523e-03
6.5789473684210523e-03
6.5789473684210523e-03
6.5789473684210523e-03
6.5789473684210523e-03
6.5789473684210523e-03
6.5789473684210523e-03
6.5789473684210523e-03
6.5789473684210523e-03
6.5789473684210523e-03
6.5789473684210523e-03
6.6225165562913907e-03
6.5789473684210523e-03
6.6666666666666671e-03
6.6666666666666671e-03
6.6225165562913907e-03
6.6225165562913907e-03
6.6225165562913907e-03
6.5789473684210523e-03
6.5789473684210523e-03
6.5789473684210523e-03
6.7567567567567571e-03
6.5789473684210523e-03
6.5789473684210523e-03
2.5000000000000000e-01
1.0000000000000000e+00
6.5789473684210523e-03
6.5789473684210523e-03
6.5789473684210523e-03
6.6225165562913907e-03
6.5789473684210523e-03
6.5789473684210523e-03
6.5789473684210523e-03
6.5789473684210523e-03
6.5789473684210523e-03
6.5789473684210523e-03
6.5789473684210523e-03
6.5789473684210523e-03
6.5789473684210523e-03
6.5789473684210523e-03
6.6225165562913907e-03
6.6666666666666671e-03
6.6666666666666671e-03
6.5789473684210523e-03
6.5789473684210523e-03
6.5789473684210523e-03
6.6666666666666671e-03
6.6666666666666671e-03
6.6225165562913907e-03
6.6666666666666671e-03
6.5789473684210523e-03
6.6666666666666671e-03
6.6666666666666671e-03
6.6666666666666671e-03
6.6666666666666671e-03
6.8965517241379309e-03
6.5789473684210523e-03
6.5789473684210523e-03
6.5789473684210523e-03
6.6666666666666671e-03
6.5789473684210523e-03
6.6666666666666671e-03
6.6666666666666671e-03
6.6666666666666671e-03
6.7114093959731542e-03
6.6666666666666671e-03
6.5789473684210523e-03
6.5789473684210523e-03
6.6666666666666671e-03
6.6666666666666671e-03
6.6225165562913907e-03
6.6225165562913907e-03
6.5789473684210523e-03
6.6666666666666671e-03
6.6666666666666671e-03
6.6225165562913907e-03
6.6225165562913907e-03
6.5789473684210523e-03
6.6666666666666671e-03
6.5789473684210523e-03
6.6225165562913907e-03
6.6225165562913907e-03
6.7114093959731542e-03
6.7114093959731542e-03
6.7114093959731542e-03
6.7114093959731542e-03
6.6225165562913907e-03
6.8493150684931503e-03
6.8493150684931503e-03
6.8965517241379309e-03
6.8965517241379309e-03
6.6666666666666671e-03
6.8965517241379309e-03
6.7567567567567571e-03
6.6225165562913907e-03
6.6225165562913907e-03
6.7567567567567571e-03
6.7567567567567571e-03
6.7567567567567571e-03
6.8027210884353739e-03
6.8965517241379309e-03
6.7114093959731542e-03
6.5789473684210523e-03
6.8965517241379309e-03
6.8965517241379309e-03
6.6225165562913907e-03
6.8027210884353739e-03
6.8965517241379309e-03
6.5789473684210523e-03
6.7567567567567571e-03
6.7567567567567571e-03
6.7567567567567571e-03
6.7114093959731542e-03
6.7114093959731542e-03
6.8965517241379309e-03
0.0
6.8027210884353739e-03
6.7114093959731542e-03
6.8965517241379309e-03
6.9930069930069930e-03
6.8493150684931503e-03
6.9444444444444441e-03
6.9444444444444441e-03
0.0
6.7567567567567571e-03
7.1942446043165471e-03
7.4074074074074077e-03
7.1428571428571426e-03
1.1235955056179775e-02
7.5187969924812026e-03
1.0101010101010102e-02
7.5187969924812026e-03
8.1300813008130090e-03
1.1363636363636364e-02
1.2500000000000000e-01
1.2500000000000000e-01
1.4285714285714285e-01
8.1967213114754103e-03
1.1111111111111110e-01
5.8823529411764705e-02
1.1111111111111110e-01
5.8823529411764705e-02
1.7543859649122806e-02
1.6666666666666666e-01
1.6666666666666666e-01
1.1111111111111110e-01
1.4285714285714285e-01
4.7619047619047616e-02
5.8823529411764705e-02
7.6923076923076927e-02
4.7619047619047616e-02
1.6666666666666666e-01
5.8823529411764705e-02
5.8823529411764705e-02
7.1428571428571425e-02
1.8518518518518517e-02
1.1111111111111110e-01
1.8518518518518517e-02
7.1428571428571425e-02
7.1428571428571425e-02
1.0000000000000000e+00
7.1428571428571425e-02
3.3333333333333331e-01
2.2727272727272728e-02
5.0000000000000000e-01
2.5000000000000000e-01
3.3333333333333331e-01
1.1111111111111110e-01
2.5000000000000000e-01
1.1111111111111110e-01
2.5000000000000000e-01
2.0408163265306121e-02
5.0000000000000000e-01
5.0000000000000003e-02
9.0909090909090912e-02
2.3255813953488372e-02
3.3333333333333331e-01
2.3255813953488372e-02
2.5000000000000000e-01
1.0000000000000000e+00
2.3255813953488372e-02
2.5000000000000000e-01
3.3333333333333331e-01
1.6666666666666666e-01
5.8823529411764705e-02
9.0909090909090912e-02
1.0000000000000001e-01
2.2222222222222223e-02
2.2727272727272728e-02
2.5000000000000001e-02
5.0000000000000000e-01
5.8823529411764705e-02
5.8823529411764705e-02
2.3809523809523808e-02
1.0000000000000000e+00
2.0000000000000001e-01
2.0000000000000001e-01
2.3809523809523808e-02
2.0000000000000001e-01
5.8823529411764705e-02
2.5000000000000000e-01
5.8823529411764705e-02
1.0000000000000001e-01
1.6666666666666666e-01
2.5000000000000000e-01
5.8823529411764705e-02
5.8823529411764705e-02
2.0000000000000000e-02
3.4482758620689655e-02
5.8823529411764705e-02
5.8823529411764705e-02
5.8823529411764705e-02
3.4482758620689655e-02
1.0000000000000000e+00
5.8823529411764705e-02
5.8823529411764705e-02
3.3333333333333331e-01
5.0000000000000003e-02
2.5000000000000000e-01
2.3255813953488372e-02
3.3333333333333331e-01
2.5641025641025640e-02
2.2727272727272728e-02
5.8823529411764705e-02
2.4390243902439025e-02
5.8823529411764705e-02
2.4390243902439025e-02
1.2500000000000000e-01
2.4390243902439025e-02
5.0000000000000000e-01
5.8823529411764705e-02
1.0000000000000000e+00
1.0000000000000001e-01
2.5000000000000000e-01
1.1111111111111110e-01
5.8823529411764705e-02
1.9230769230769232e-02
1.0000000000000000e+00
3.2258064516129031e-02
3.3333333333333331e-01
2.5000000000000001e-02
5.8823529411764705e-02
2.4390243902439025e-02
3.3333333333333331e-01
8.3333333333333329e-02
2.7027027027027029e-02
2.5000000000000000e-01
2.0000000000000000e-02
2.5000000000000001e-02
3.3333333333333331e-01
2.7777777777777776e-02
1.0000000000000000e+00
2.0000000000000001e-01
3.3333333333333331e-01
1.4285714285714285e-01
2.0000000000000001e-01
2.5000000000000000e-01
2.0000000000000001e-01
2.7027027027027029e-02
1.2500000000000000e-01
1.6666666666666666e-01
1.2500000000000000e-01
3.3333333333333331e-01
1.6666666666666666e-01
2.8571428571428571e-02
2.5000000000000000e-01
2.5000000000000001e-02
2.5641025641025640e-02
2.5000000000000000e-01
2.5000000000000000e-01
1.0000000000000000e+00
4.1666666666666664e-02
2.0000000000000001e-01
5.5555555555555552e-02
1.0000000000000000e+00
5.0000000000000000e-01
1.0000000000000000e+00
5.0000000000000003e-02
5.0000000000000000e-01
2.5000000000000001e-02
2.3255813953488372e-02
5.0000000000000003e-02
4.1666666666666664e-02
2.5000000000000001e-02
2.5000000000000000e-01
2.0000000000000001e-01
2.0000000000000001e-01
2.6315789473684209e-02
4.1666666666666664e-02
1.0000000000000000e+00
5.8823529411764705e-02
2.0000000000000001e-01
2.5641025641025640e-02
3.3333333333333333e-02
1.0000000000000001e-01
3.4482758620689655e-02
3.0303030303030304e-02
1.4285714285714285e-01
2.5000000000000001e-02
3.3333333333333333e-02
3.4482758620689655e-02
1.4285714285714285e-01
2.7777777777777776e-02
2.5641025641025640e-02
2.6315789473684209e-02
3.3333333333333331e-01
5.0000000000000003e-02
2.7027027027027029e-02
3.5714285714285712e-02
2.7777777777777776e-02
2.5641025641025640e-02
3.5714285714285712e-02
2.5000000000000001e-02
2.7777777777777776e-02
2.5641025641025640e-02
0.0
1.4285714285714285e-01
3.3333333333333331e-01
5.0000000000000003e-02
3.7037037037037035e-02
1.1111111111111110e-01
2.5000000000000000e-01
1.4285714285714285e-01
3.5714285714285712e-02
2.7777777777777776e-02
2.7777777777777776e-02
2.7777777777777776e-02
2.7027027027027029e-02
3.2258064516129031e-02
1.0000000000000000e+00
2.5641025641025640e-02
2.7027027027027029e-02
3.1250000000000000e-02
2.7027027027027029e-02
2.5641025641025640e-02
2.6315789473684209e-02
2.7027027027027029e-02
2.5000000000000000e-01
5.0000000000000003e-02
2.4390243902439025e-02
2.5641025641025640e-02
4.5454545454545456e-02
3.1250000000000000e-02
2.7027027027027029e-02
5.0000000000000000e-01
3.2258064516129031e-02
3.2258064516129031e-02
2.6315789473684209e-02
1.4285714285714285e-01
3.4482758620689655e-02
3.1250000000000000e-02
2.5000000000000000e-01
5.0000000000000003e-02
1.4285714285714285e-01
5.2631578947368418e-02
1.4285714285714285e-01
3.2258064516129031e-02
3.4482758620689655e-02
1.0000000000000000e+00
2.5000000000000000e-01
5.0000000000000003e-02
1.4285714285714285e-01
6.2500000000000000e-02
2.5000000000000000e-01
3.8461538461538464e-02
1.4285714285714285e-01
1.2500000000000000e-01
2.7777777777777776e-02
5.0000000000000000e-01
3.2258064516129031e-02
6.2500000000000000e-02
3.3333333333333331e-01
5.0000000000000003e-02
5.2631578947368418e-02
1.0000000000000001e-01
3.3333333333333331e-01
1.0000000000000000e+00
1.0000000000000000e+00
2.5000000000000000e-01
5.0000000000000003e-02
2.0000000000000001e-01
1.0000000000000000e+00
2.7777777777777776e-02
3.3333333333333331e-01
4.5454545454545456e-02
1.0000000000000000e+00
1.0000000000000000e+00
3.0303030303030304e-02
2.5000000000000000e-01
3.3333333333333331e-01
3.5714285714285712e-02
4.1666666666666664e-02
2.5000000000000000e-01
5.0000000000000000e-01
5.0000000000000000e-01
3.1250000000000000e-02
2.0000000000000001e-01
2.0000000000000001e-01
3.3333333333333331e-01
3.3333333333333333e-02
5.0000000000000000e-01
3.0303030303030304e-02
3.4482758620689655e-02
3.2258064516129031e-02
3.1250000000000000e-02
3.5714285714285712e-02
5.0000000000000000e-01
1.0000000000000000e+00
3.3333333333333331e-01
5.0000000000000000e-01
3.3333333333333333e-02
3.5714285714285712e-02
1.6666666666666666e-01
2.0000000000000001e-01
5.0000000000000000e-01
1.6666666666666666e-01
2.0000000000000001e-01
2.5000000000000000e-01
5.0000000000000000e-01
5.0000000000000000e-01
5.0000000000000000e-01
4.0000000000000001e-02
5.0000000000000000e-01
2.5000000000000000e-01
4.0000000000000001e-02
2.5000000000000000e-01
5.0000000000000000e-01
1.0000000000000000e+00
1.2500000000000000e-01
3.3333333333333331e-01
2.5000000000000000e-01
3.5714285714285712e-02
4.3478260869565216e-02
3.5714285714285712e-02
3.8461538461538464e-02
1.0000000000000000e+00
3.3333333333333331e-01
2.5000000000000000e-01
1.0000000000000000e+00
2.5000000000000000e-01
2.0000000000000001e-01
5.8823529411764705e-02
5.0000000000000000e-01
3.3333333333333331e-01
1.0000000000000000e+00
5.0000000000000000e-01
5.0000000000000000e-01
2.5000000000000000e-01
2.0000000000000001e-01
5.8823529411764705e-02
2.0000000000000001e-01
5.8823529411764705e-02
2.0000000000000001e-01
5.8823529411764705e-02
3.3333333333333331e-01
5.0000000000000000e-01
5.0000000000000000e-01
3.3333333333333331e-01
3.3333333333333331e-01
3.3333333333333331e-01
5.0000000000000000e-01
5.0000000000000000e-01
5.0000000000000000e-01
2.5000000000000000e-01
5.8823529411764705e-02
1.0000000000000000e+00
5.0000000000000000e-01
3.3333333333333331e-01
7.1428571428571425e-02
3.3333333333333331e-01
2.0000000000000001e-01
3.3333333333333331e-01
7.1428571428571425e-02
3.3333333333333331e-01
7.1428571428571425e-02
2.5000000000000000e-01
5.8823529411764705e-02
5.0000000000000000e-01
1.0000000000000000e+00
0.0
1.0000000000000000e+00
1.2500000000000000e-01
1.1111111111111110e-01
5.0000000000000000e-01
1.2500000000000000e-01
1.0000000000000000e+00
3.3333333333333331e-01
1.0000000000000000e+00
1.0000000000000000e+00
1.0000000000000000e+00
2.5000000000000000e-01
5.0000000000000000e-01
5.0000000000000000e-01
1.2500000000000000e-01
5.0000000000000000e-01
1.2500000000000000e-01
1.0000000000000000e+00
5.0000000000000003e-02
1.2500000000000000e-01
3.3333333333333331e-01
3.3333333333333331e-01
1.0000000000000000e+00
5.0000000000000000e-01
3.3333333333333331e-01
3.3333333333333331e-01
1.0000000000000000e+00
