1.0482180293501049e-03
2.7777777777777779e-03
1.5290519877675841e-03
8.1168831168831174e-04
8.0580177276390005e-04
9.9206349206349201e-04
1.0764262648008610e-03
2.7932960893854749e-03
1.1376564277588168e-03
8.0710250201775622e-04
9.9206349206349201e-04
1.0764262648008610e-03
1.0764262648008610e-03
2.7932960893854749e-03
1.5290519877675841e-03
1.0893246187363835e-03
9.9206349206349201e-04
9.9206349206349201e-04
1.0764262648008610e-03
2.7777777777777779e-03
1.5290519877675841e-03
8.1168831168831174e-04
8.1168831168831174e-04
9.9206349206349201e-04
1.0204081632653062e-03
3.8461538461538464e-02
4.1666666666666664e-02
2.5000000000000001e-03
2.3640661938534278e-03
2.3640661938534278e-03
2.3529411764705880e-03
3.8461538461538464e-02
4.1666666666666664e-02
2.5000000000000001e-03
3.1250000000000000e-02
2.5000000000000001e-03
2.3529411764705880e-03
1.0000000000000000e+00
4.3478260869565216e-02
4.3478260869565216e-02
4.3478260869565216e-02
4.3478260869565216e-02
4.3478260869565216e-02
4.3478260869565216e-02
4.3478260869565216e-02
4.3478260869565216e-02
4.3478260869565216e-02
4.3478260869565216e-02
4.3478260869565216e-02
4.3478260869565216e-02
4.3478260869565216e-02
4.3478260869565216e-02
6.2500000000000000e-02
5.0000000000000000e-01
4.3478260869565216e-02
1.6666666666666666e-02
2.3474178403755869e-03
2.4271844660194173e-03
7.6923076923076927e-02
5.0000000000000000e-01
4.7619047619047616e-02
1.6666666666666666e-02
2.3474178403755869e-03
2.4271844660194173e-03
2.7777777777777779e-03
1.1467889908256881e-03
8.0710250201775622e-04
9.9206349206349201e-04
1.0764262648008610e-03
2.7777777777777779e-03
1.1376564277588168e-03
8.0710250201775622e-04
9.9206349206349201e-04
1.0764262648008610e-03
2.7777777777777779e-03
1.1467889908256881e-03
8.0580177276390005e-04
8.0710250201775622e-04
1.0764262648008610e-03
2.7777777777777779e-03
1.1467889908256881e-03
8.1366965012205042e-04
9.9206349206349201e-04
1.0764262648008610e-03
2.7777777777777779e-03
1.5290519877675841e-03
8.1168831168831174e-04
9.9206349206349201e-04
1.0764262648008610e-03
2.7777777777777779e-03
1.1467889908256881e-03
8.0710250201775622e-04
9.9206349206349201e-04
1.0764262648008610e-03
2.7932960893854749e-03
1.1376564277588168e-03
8.0710250201775622e-04
9.9206349206349201e-04
1.0764262648008610e-03
2.7777777777777779e-03
1.1467889908256881e-03
8.0710250201775622e-04
9.9206349206349201e-04
1.0764262648008610e-03
2.7777777777777779e-03
1.1467889908256881e-03
8.0710250201775622e-04
9.9206349206349201e-04
1.0764262648008610e-03
2.7777777777777779e-03
1.1467889908256881e-03
8.1366965012205042e-04
8.0515297906602254e-04
1.0764262648008610e-03
2.7932960893854749e-03
1.5290519877675841e-03
8.0971659919028337e-04
9.9206349206349201e-04
1.0764262648008610e-03
2.7932960893854749e-03
1.1376564277588168e-03
8.0710250201775622e-04
9.9206349206349201e-04
1.0764262648008610e-03
2.7932960893854749e-03
1.1376564277588168e-03
8.0710250201775622e-04
9.9206349206349201e-04
1.0764262648008610e-03
2.7932960893854749e-03
1.1376564277588168e-03
8.0710250201775622e-04
9.9206349206349201e-04
1.0764262648008610e-03
2.7932960893854749e-03
1.1376564277588168e-03
8.0710250201775622e-04
9.9206349206349201e-04
1.0764262648008610e-03
2.7932960893854749e-03
1.1376564277588168e-03
8.0710250201775622e-04
9.9206349206349201e-04
1.0764262648008610e-03
2.7777777777777779e-03
1.5290519877675841e-03
8.1366965012205042e-04
9.9206349206349201e-04
1.0764262648008610e-03
2.7932960893854749e-03
1.1376564277588168e-03
8.0710250201775622e-04
9.9206349206349201e-04
1.0764262648008610e-03
2.7932960893854749e-03
1.1376564277588168e-03
8.0710250201775622e-04
9.9206349206349201e-04
1.0764262648008610e-03
2.7932960893854749e-03
1.1376564277588168e-03
8.0710250201775622e-04
9.9206349206349201e-04
1.0764262648008610e-03
2.7932960893854749e-03
1.1376564277588168e-03
8.0710250201775622e-04
9.9206349206349201e-04
1.0764262648008610e-03
2.7777777777777779e-03
1.5290519877675841e-03
8.0710250201775622e-04
9.9206349206349201e-04
1.0764262648008610e-03
2.7777777777777779e-03
1.5290519877675841e-03
8.1366965012205042e-04
9.9206349206349201e-04
1.0764262648008610e-03
2.7932960893854749e-03
1.1376564277588168e-03
8.0710250201775622e-04
9.9206349206349201e-04
1.0764262648008610e-03
2.7932960893854749e-03
1.1376564277588168e-03
8.0710250201775622e-04
9.9206349206349201e-04
1.0764262648008610e-03
2.7932960893854749e-03
1.1376564277588168e-03
8.0710250201775622e-04
9.9206349206349201e-04
1.0764262648008610e-03
2.7932960893854749e-03
1.1376564277588168e-03
8.0710250201775622e-04
9.9206349206349201e-04
1.0764262648008610e-03
2.7932960893854749e-03
1.1376564277588168e-03
8.0710250201775622e-04
9.9206349206349201e-04
1.0764262648008610e-03
2.7777777777777779e-03
1.1415525114155251e-03
8.0971659919028337e-04
9.9206349206349201e-04
1.0764262648008610e-03
2.7932960893854749e-03
1.5290519877675841e-03
8.1366965012205042e-04
9.9206349206349201e-04
1.0764262648008610e-03
2.7932960893854749e-03
1.5290519877675841e-03
8.1366965012205042e-04
9.9206349206349201e-04
1.0764262648008610e-03
2.7932960893854749e-03
1.5290519877675841e-03
8.1366965012205042e-04
9.9206349206349201e-04
1.0764262648008610e-03
2.7777777777777779e-03
1.5290519877675841e-03
8.1366965012205042e-04
9.9206349206349201e-04
1.0764262648008610e-03
2.7932960893854749e-03
1.1467889908256881e-03
8.0645161290322581e-04
8.0775444264943462e-04
1.0764262648008610e-03
2.7932960893854749e-03
1.5290519877675841e-03
8.1366965012205042e-04
9.9206349206349201e-04
1.0764262648008610e-03
2.7777777777777779e-03
1.1415525114155251e-03
8.0971659919028337e-04
9.9206349206349201e-04
1.0764262648008610e-03
2.7932960893854749e-03
1.5290519877675841e-03
8.1366965012205042e-04
9.9206349206349201e-04
1.0764262648008610e-03
2.7932960893854749e-03
1.1467889908256881e-03
8.0515297906602254e-04
9.9206349206349201e-04
1.0764262648008610e-03
2.7932960893854749e-03
1.5290519877675841e-03
8.1366965012205042e-04
9.9206349206349201e-04
1.0764262648008610e-03
2.7932960893854749e-03
1.5290519877675841e-03
8.1366965012205042e-04
9.9206349206349201e-04
1.0764262648008610e-03
2.8011204481792717e-03
1.0989010989010989e-03
8.0906148867313920e-04
9.9206349206349201e-04
1.0764262648008610e-03
2.7932960893854749e-03
1.5290519877675841e-03
8.1366965012205042e-04
9.9206349206349201e-04
1.0764262648008610e-03
2.7932960893854749e-03
1.1467889908256881e-03
8.0710250201775622e-04
9.9206349206349201e-04
1.0764262648008610e-03
2.7932960893854749e-03
1.1467889908256881e-03
8.0710250201775622e-04
9.9206349206349201e-04
1.0764262648008610e-03
2.7932960893854749e-03
1.5290519877675841e-03
8.1366965012205042e-04
9.9206349206349201e-04
1.0764262648008610e-03
2.7932960893854749e-03
1.5290519877675841e-03
8.0775444264943462e-04
1.0172939979654120e-03
1.0764262648008610e-03
2.7932960893854749e-03
1.1376564277588168e-03
8.0971659919028337e-04
9.9206349206349201e-04
1.0764262648008610e-03
2.7777777777777779e-03
1.5290519877675841e-03
8.1168831168831174e-04
9.9206349206349201e-04
1.0224948875255625e-03
2.7932960893854749e-03
1.1376564277588168e-03
8.0710250201775622e-04
9.9206349206349201e-04
1.1049723756906078e-03
2.7777777777777779e-03
1.1534025374855825e-03
8.0710250201775622e-04
9.9206349206349201e-04
1.0764262648008610e-03
2.7932960893854749e-03
1.5290519877675841e-03
8.1366965012205042e-04
1.0172939979654120e-03
1.0764262648008610e-03
2.7932960893854749e-03
1.5290519877675841e-03
8.1366965012205042e-04
9.9206349206349201e-04
1.0764262648008610e-03
2.7932960893854749e-03
1.5290519877675841e-03
8.1366965012205042e-04
9.9206349206349201e-04
1.0764262648008610e-03
2.7932960893854749e-03
1.5290519877675841e-03
8.1366965012205042e-04
1.0172939979654120e-03
1.0764262648008610e-03
2.7932960893854749e-03
1.1467889908256881e-03
8.1366965012205042e-04
9.9206349206349201e-04
1.0764262648008610e-03
2.7932960893854749e-03
1.1467889908256881e-03
8.1366965012205042e-04
9.9206349206349201e-04
1.0764262648008610e-03
2.7932960893854749e-03
1.1467889908256881e-03
8.1366965012205042e-04
9.9206349206349201e-04
1.0764262648008610e-03
2.7855153203342618e-03
1.5290519877675841e-03
1.0893246187363835e-03
9.9206349206349201e-04
1.0764262648008610e-03
2.7932960893854749e-03
1.5290519877675841e-03
1.0893246187363835e-03
9.9206349206349201e-04
1.0764262648008610e-03
2.7932960893854749e-03
1.1467889908256881e-03
8.1366965012205042e-04
9.9206349206349201e-04
1.0764262648008610e-03
2.7932960893854749e-03
1.5290519877675841e-03
1.0893246187363835e-03
9.9206349206349201e-04
1.0764262648008610e-03
2.7777777777777779e-03
1.5290519877675841e-03
1.0893246187363835e-03
9.9206349206349201e-04
1.0764262648008610e-03
2.7932960893854749e-03
1.5290519877675841e-03
8.1366965012205042e-04
9.9206349206349201e-04
1.0764262648008610e-03
2.7855153203342618e-03
1.5290519877675841e-03
8.0710250201775622e-04
1.0266940451745380e-03
1.0764262648008610e-03
2.7932960893854749e-03
1.5290519877675841e-03
8.1366965012205042e-04
9.9206349206349201e-04
1.0764262648008610e-03
2.7932960893854749e-03
1.5290519877675841e-03
8.1366965012205042e-04
9.9206349206349201e-04
1.0764262648008610e-03
2.7932960893854749e-03
1.5290519877675841e-03
8.1366965012205042e-04
9.9206349206349201e-04
1.0764262648008610e-03
2.7932960893854749e-03
1.5290519877675841e-03
8.1366965012205042e-04
9.9206349206349201e-04
1.0764262648008610e-03
2.7932960893854749e-03
1.5290519877675841e-03
8.1366965012205042e-04
9.9206349206349201e-04
1.0764262648008610e-03
2.7932960893854749e-03
1.5290519877675841e-03
8.1366965012205042e-04
9.9206349206349201e-04
1.0764262648008610e-03
2.7932960893854749e-03
1.5290519877675841e-03
8.1366965012205042e-04
9.9206349206349201e-04
1.0764262648008610e-03
2.7932960893854749e-03
1.5290519877675841e-03
8.1366965012205042e-04
9.9206349206349201e-04
1.0764262648008610e-03
2.7932960893854749e-03
1.5290519877675841e-03
8.1366965012205042e-04
9.9206349206349201e-04
1.0764262648008610e-03
2.7932960893854749e-03
1.5290519877675841e-03
8.1366965012205042e-04
9.9206349206349201e-04
1.0764262648008610e-03
2.7932960893854749e-03
1.5290519877675841e-03
8.1366965012205042e-04
9.9206349206349201e-04
1.0764262648008610e-03
2.7932960893854749e-03
1.5290519877675841e-03
8.1366965012205042e-04
9.9206349206349201e-04
1.0764262648008610e-03
2.7932960893854749e-03
1.5290519877675841e-03
8.1366965012205042e-04
9.9206349206349201e-04
1.0764262648008610e-03
2.7932960893854749e-03
1.5290519877675841e-03
8.1366965012205042e-04
9.9206349206349201e-04
1.0764262648008610e-03
2.8011204481792717e-03
1.5290519877675841e-03
8.1366965012205042e-04
9.9206349206349201e-04
1.0764262648008610e-03
2.7932960893854749e-03
1.5290519877675841e-03
8.1366965012205042e-04
9.9206349206349201e-04
1.0764262648008610e-03
2.7932960893854749e-03
1.5290519877675841e-03
8.1366965012205042e-04
9.9206349206349201e-04
1.0764262648008610e-03
2.7777777777777779e-03
1.5290519877675841e-03
8.1168831168831174e-04
8.0515297906602254e-04
1.0224948875255625e-03
2.8011204481792717e-03
1.1415525114155251e-03
8.0971659919028337e-04
9.9206349206349201e-04
1.0764262648008610e-03
2.7932960893854749e-03
1.5290519877675841e-03
8.1366965012205042e-04
9.9206349206349201e-04
1.0764262648008610e-03
2.7932960893854749e-03
1.5290519877675841e-03
8.1366965012205042e-04
9.9206349206349201e-04
1.0764262648008610e-03
2.7932960893854749e-03
1.5290519877675841e-03
8.1366965012205042e-04
9.9206349206349201e-04
1.0764262648008610e-03
2.7932960893854749e-03
1.5290519877675841e-03
8.1366965012205042e-04
9.9206349206349201e-04
1.0764262648008610e-03
2.7932960893854749e-03
1.5290519877675841e-03
8.1366965012205042e-04
9.9206349206349201e-04
1.0764262648008610e-03
2.7932960893854749e-03
1.5290519877675841e-03
8.1366965012205042e-04
9.9206349206349201e-04
1.0764262648008610e-03
2.7932960893854749e-03
1.5290519877675841e-03
8.1366965012205042e-04
9.9206349206349201e-04
1.0764262648008610e-03
2.7932960893854749e-03
1.5290519877675841e-03
8.1366965012205042e-04
9.9206349206349201e-04
1.0764262648008610e-03
2.7932960893854749e-03
1.5290519877675841e-03
8.1366965012205042e-04
9.9206349206349201e-04
1.0764262648008610e-03
2.7777777777777779e-03
1.5290519877675841e-03
8.0710250201775622e-04
1.0266940451745380e-03
1.0764262648008610e-03
2.7932960893854749e-03
1.5290519877675841e-03
8.1366965012205042e-04
9.9206349206349201e-04
1.0764262648008610e-03
2.7932960893854749e-03
1.5290519877675841e-03
8.1366965012205042e-04
9.9206349206349201e-04
1.0764262648008610e-03
2.7932960893854749e-03
1.5290519877675841e-03
8.1366965012205042e-04
9.9206349206349201e-04
1.0764262648008610e-03
2.7932960893854749e-03
1.5290519877675841e-03
8.1366965012205042e-04
9.9206349206349201e-04
1.0764262648008610e-03
2.7932960893854749e-03
1.5290519877675841e-03
8.1366965012205042e-04
9.9206349206349201e-04
1.0764262648008610e-03
2.7932960893854749e-03
1.5290519877675841e-03
8.1366965012205042e-04
9.9206349206349201e-04
1.0764262648008610e-03
2.7932960893854749e-03
1.5290519877675841e-03
8.1366965012205042e-04
9.9206349206349201e-04
1.0764262648008610e-03
2.7932960893854749e-03
1.5290519877675841e-03
8.1366965012205042e-04
9.9206349206349201e-04
1.0764262648008610e-03
2.7932960893854749e-03
1.5290519877675841e-03
8.1366965012205042e-04
9.9206349206349201e-04
1.0764262648008610e-03
2.7932960893854749e-03
1.5290519877675841e-03
8.1366965012205042e-04
9.9206349206349201e-04
1.0764262648008610e-03
2.7932960893854749e-03
1.5290519877675841e-03
8.1366965012205042e-04
9.9206349206349201e-04
1.0764262648008610e-03
2.7932960893854749e-03
1.5290519877675841e-03
8.1366965012205042e-04
9.9206349206349201e-04
1.0764262648008610e-03
2.7932960893854749e-03
1.5290519877675841e-03
8.1366965012205042e-04
9.9206349206349201e-04
1.0764262648008610e-03
2.7932960893854749e-03
1.5290519877675841e-03
8.1366965012205042e-04
9.9206349206349201e-04
1.0764262648008610e-03
2.7932960893854749e-03
1.5290519877675841e-03
1.0893246187363835e-03
9.9206349206349201e-04
1.0764262648008610e-03
2.8011204481792717e-03
1.5290519877675841e-03
8.0710250201775622e-04
8.0515297906602254e-04
1.0764262648008610e-03
2.7932960893854749e-03
1.5290519877675841e-03
1.0893246187363835e-03
9.9206349206349201e-04
1.0764262648008610e-03
2.7777777777777779e-03
1.5698587127158557e-03
8.1366965012205042e-04
9.9206349206349201e-04
1.0764262648008610e-03
2.7932960893854749e-03
1.5290519877675841e-03
1.0893246187363835e-03
9.9206349206349201e-04
1.0764262648008610e-03
2.7932960893854749e-03
1.5290519877675841e-03
1.0893246187363835e-03
9.9206349206349201e-04
1.0764262648008610e-03
2.7932960893854749e-03
1.5290519877675841e-03
1.0893246187363835e-03
9.9206349206349201e-04
1.0764262648008610e-03
2.7932960893854749e-03
1.5290519877675841e-03
1.0893246187363835e-03
9.9206349206349201e-04
1.0764262648008610e-03
2.7932960893854749e-03
1.5290519877675841e-03
1.0893246187363835e-03
9.9206349206349201e-04
1.0764262648008610e-03
2.7932960893854749e-03
1.5290519877675841e-03
1.0893246187363835e-03
9.9206349206349201e-04
1.0764262648008610e-03
2.7932960893854749e-03
1.5290519877675841e-03
1.0893246187363835e-03
9.9206349206349201e-04
1.0764262648008610e-03
2.7932960893854749e-03
1.5290519877675841e-03
8.1366965012205042e-04
9.9206349206349201e-04
1.0764262648008610e-03
2.7932960893854749e-03
1.5290519877675841e-03
1.0893246187363835e-03
9.9206349206349201e-04
1.0764262648008610e-03
2.7932960893854749e-03
1.5290519877675841e-03
1.0893246187363835e-03
9.9206349206349201e-04
1.0764262648008610e-03
2.7932960893854749e-03
1.5290519877675841e-03
1.0893246187363835e-03
9.9206349206349201e-04
1.0764262648008610e-03
2.7932960893854749e-03
1.5290519877675841e-03
1.0893246187363835e-03
9.9206349206349201e-04
1.0764262648008610e-03
2.7932960893854749e-03
1.5290519877675841e-03
1.0893246187363835e-03
9.9206349206349201e-04
1.0764262648008610e-03
2.7932960893854749e-03
1.5290519877675841e-03
1.0893246187363835e-03
9.9206349206349201e-04
1.0764262648008610e-03
2.7932960893854749e-03
1.5290519877675841e-03
1.0893246187363835e-03
9.9206349206349201e-04
1.0764262648008610e-03
2.7932960893854749e-03
1.5290519877675841e-03
1.0893246187363835e-03
9.9206349206349201e-04
1.0764262648008610e-03
2.7932960893854749e-03
1.5290519877675841e-03
1.0893246187363835e-03
9.9206349206349201e-04
1.0764262648008610e-03
2.7932960893854749e-03
1.5290519877675841e-03
1.0893246187363835e-03
9.9206349206349201e-04
1.0764262648008610e-03
2.8011204481792717e-03
1.5290519877675841e-03
8.1366965012205042e-04
9.9206349206349201e-04
1.0764262648008610e-03
2.7932960893854749e-03
1.5290519877675841e-03
1.0893246187363835e-03
9.9206349206349201e-04
1.0764262648008610e-03
2.7932960893854749e-03
1.5290519877675841e-03
1.0893246187363835e-03
9.9206349206349201e-04
1.0764262648008610e-03
2.7932960893854749e-03
1.5290519877675841e-03
1.0893246187363835e-03
9.9206349206349201e-04
1.0764262648008610e-03
2.7932960893854749e-03
1.5290519877675841e-03
1.0893246187363835e-03
9.9206349206349201e-04
1.0764262648008610e-03
2.7932960893854749e-03
1.5290519877675841e-03
1.0893246187363835e-03
9.9206349206349201e-04
1.0764262648008610e-03
2.7932960893854749e-03
1.5290519877675841e-03
1.0893246187363835e-03
9.9206349206349201e-04
1.0764262648008610e-03
2.7932960893854749e-03
1.5290519877675841e-03
1.0893246187363835e-03
9.9206349206349201e-04
1.0764262648008610e-03
2.7932960893854749e-03
1.5290519877675841e-03
1.0893246187363835e-03
9.9206349206349201e-04
1.0764262648008610e-03
2.7932960893854749e-03
1.5290519877675841e-03
1.0893246187363835e-03
9.9206349206349201e-04
1.0764262648008610e-03
2.7932960893854749e-03
1.5290519877675841e-03
1.0893246187363835e-03
9.9206349206349201e-04
1.0764262648008610e-03
2.7932960893854749e-03
1.5290519877675841e-03
1.0893246187363835e-03
9.9206349206349201e-04
1.0764262648008610e-03
2.7932960893854749e-03
1.5290519877675841e-03
8.0645161290322581e-04
8.0580177276390005e-04
1.2674271229404308e-03
2.8011204481792717e-03
1.5290519877675841e-03
8.1366965012205042e-04
9.9206349206349201e-04
1.0764262648008610e-03
2.7932960893854749e-03
1.5290519877675841e-03
1.0893246187363835e-03
9.9206349206349201e-04
1.0764262648008610e-03
2.7932960893854749e-03
1.5290519877675841e-03
8.1366965012205042e-04
8.0906148867313920e-04
1.0764262648008610e-03
2.7932960893854749e-03
1.5290519877675841e-03
8.1366965012205042e-04
8.0906148867313920e-04
1.0764262648008610e-03
2.8011204481792717e-03
1.5290519877675841e-03
8.1366965012205042e-04
9.9206349206349201e-04
1.0764262648008610e-03
2.7932960893854749e-03
1.1376564277588168e-03
8.0710250201775622e-04
9.9206349206349201e-04
1.3140604467805519e-03
2.7932960893854749e-03
1.5290519877675841e-03
8.1366965012205042e-04
1.0764262648008610e-03
1.0471204188481676e-03
2.7932960893854749e-03
1.5290519877675841e-03
1.0893246187363835e-03
8.0710250201775622e-04
1.0764262648008610e-03
2.7932960893854749e-03
1.5290519877675841e-03
1.0905125408942203e-03
9.9206349206349201e-04
1.0764262648008610e-03
2.7932960893854749e-03
1.5290519877675841e-03
1.0928961748633880e-03
9.9206349206349201e-04
1.0764262648008610e-03
2.8011204481792717e-03
1.5290519877675841e-03
8.1366965012205042e-04
9.9206349206349201e-04
1.0764262648008610e-03
2.8011204481792717e-03
1.5290519877675841e-03
8.1366965012205042e-04
9.9206349206349201e-04
1.0764262648008610e-03
2.7932960893854749e-03
1.5290519877675841e-03
1.1325028312570782e-03
9.9206349206349201e-04
1.0764262648008610e-03
2.7932960893854749e-03
1.5290519877675841e-03
8.0710250201775622e-04
8.0515297906602254e-04
1.3140604467805519e-03
2.7932960893854749e-03
1.5290519877675841e-03
1.0928961748633880e-03
9.9206349206349201e-04
1.0764262648008610e-03
2.7932960893854749e-03
1.5290519877675841e-03
1.0928961748633880e-03
9.9206349206349201e-04
1.0764262648008610e-03
2.7932960893854749e-03
1.5290519877675841e-03
8.0710250201775622e-04
8.0710250201775622e-04
1.0204081632653062e-03
2.7777777777777779e-03
1.1415525114155251e-03
8.0971659919028337e-04
9.9206349206349201e-04
1.0764262648008610e-03
2.7932960893854749e-03
1.5290519877675841e-03
1.0893246187363835e-03
1.0204081632653062e-03
1.3123359580052493e-03
7.6923076923076927e-02
1.5290519877675841e-03
8.1366965012205042e-04
9.9206349206349201e-04
1.0764262648008610e-03
7.1428571428571425e-02
1.1467889908256881e-03
8.1366965012205042e-04
9.9206349206349201e-04
1.0764262648008610e-03
1.3698630136986301e-02
2.0000000000000001e-01
2.3529411764705880e-03
2.4213075060532689e-03
2.4213075060532689e-03
3.3333333333333331e-01
8.3333333333333329e-02
8.3333333333333329e-02
9.0909090909090912e-02
8.3333333333333329e-02
9.0909090909090912e-02
9.0909090909090912e-02
3.8461538461538464e-02
4.1666666666666664e-02
2.5000000000000001e-03
2.3640661938534278e-03
2.3529411764705880e-03
2.7932960893854749e-03
1.5822784810126582e-03
6.6666666666666666e-02
9.9206349206349201e-04
1.0764262648008610e-03
1.3698630136986301e-02
2.0000000000000001e-01
2.3529411764705880e-03
2.4213075060532689e-03
2.2935779816513763e-03
1.0235414534288639e-03
3.2786885245901639e-03
3.1055900621118010e-03
3.1055900621118010e-03
2.9673590504451040e-03
2.7777777777777779e-03
1.5290519877675841e-03
8.1366965012205042e-04
9.0909090909090912e-02
1.4641288433382138e-03
2.7932960893854749e-03
1.5290519877675841e-03
1.1111111111111110e-01
1.0111223458038423e-03
1.0764262648008610e-03
2.7777777777777779e-03
1.5290519877675841e-03
1.1111111111111110e-01
1.0111223458038423e-03
1.0764262648008610e-03
1.5290519877675841e-03
8.1366965012205042e-04
9.9206349206349201e-04
1.0764262648008610e-03
2.7777777777777779e-03
1.5290519877675841e-03
1.1111111111111110e-01
1.0111223458038423e-03
1.0764262648008610e-03
2.7932960893854749e-03
1.5290519877675841e-03
1.1111111111111110e-01
1.0111223458038423e-03
1.0764262648008610e-03
8.1366965012205042e-04
8.0971659919028337e-04
9.9206349206349201e-04
1.0764262648008610e-03
2.7932960893854749e-03
1.5290519877675841e-03
1.0893246187363835e-03
8.3333333333333329e-02
2.3923444976076554e-03
2.7777777777777779e-03
8.1366965012205042e-04
9.9206349206349201e-04
1.0764262648008610e-03
1.5673981191222570e-03
8.0710250201775622e-04
9.9206349206349201e-04
1.0764262648008610e-03
1.5576323987538940e-03
8.0710250201775622e-04
9.9206349206349201e-04
1.0764262648008610e-03
1.5576323987538940e-03
8.0710250201775622e-04
9.9206349206349201e-04
1.0764262648008610e-03
2.7777777777777779e-03
8.1366965012205042e-04
1.0172939979654120e-03
1.0764262648008610e-03
2.7777777777777779e-03
1.5290519877675841e-03
8.0128205128205125e-04
1.0764262648008610e-03
2.7777777777777779e-03
8.1366965012205042e-04
9.9206349206349201e-04
1.0764262648008610e-03
2.7777777777777779e-03
8.1366965012205042e-04
9.9206349206349201e-04
1.0764262648008610e-03
2.7777777777777779e-03
8.1366965012205042e-04
9.9206349206349201e-04
1.0764262648008610e-03
2.7777777777777779e-03
8.1366965012205042e-04
9.9206349206349201e-04
1.0764262648008610e-03
2.7777777777777779e-03
8.1366965012205042e-04
9.9206349206349201e-04
1.0764262648008610e-03
2.7777777777777779e-03
8.1366965012205042e-04
9.9206349206349201e-04
1.0764262648008610e-03
2.7777777777777779e-03
8.1366965012205042e-04
9.9206349206349201e-04
1.0764262648008610e-03
2.7777777777777779e-03
8.0710250201775622e-04
9.9206349206349201e-04
1.0764262648008610e-03
2.7777777777777779e-03
8.1366965012205042e-04
9.9206349206349201e-04
1.0764262648008610e-03
2.7777777777777779e-03
8.1366965012205042e-04
9.9206349206349201e-04
1.0764262648008610e-03
2.7777777777777779e-03
8.1366965012205042e-04
9.9206349206349201e-04
1.0764262648008610e-03
2.7777777777777779e-03
8.1366965012205042e-04
9.9206349206349201e-04
1.0764262648008610e-03
2.7777777777777779e-03
8.1366965012205042e-04
9.9206349206349201e-04
1.0764262648008610e-03
2.7777777777777779e-03
8.1366965012205042e-04
9.9206349206349201e-04
1.0764262648008610e-03
2.7777777777777779e-03
8.1366965012205042e-04
9.9206349206349201e-04
1.0764262648008610e-03
2.7777777777777779e-03
8.1366965012205042e-04
9.9206349206349201e-04
1.0764262648008610e-03
2.7777777777777779e-03
8.1366965012205042e-04
9.9206349206349201e-04
1.0764262648008610e-03
2.7777777777777779e-03
8.1366965012205042e-04
9.9206349206349201e-04
1.0764262648008610e-03
2.7777777777777779e-03
8.1366965012205042e-04
9.9206349206349201e-04
1.0764262648008610e-03
2.7777777777777779e-03
8.1366965012205042e-04
9.9206349206349201e-04
1.0764262648008610e-03
2.7777777777777779e-03
8.1366965012205042e-04
9.9206349206349201e-04
1.0764262648008610e-03
1.6339869281045752e-03
8.0971659919028337e-04
9.9206349206349201e-04
1.0764262648008610e-03
2.7777777777777779e-03
1.5290519877675841e-03
9.9206349206349201e-04
1.0764262648008610e-03
2.7855153203342618e-03
8.1366965012205042e-04
9.9206349206349201e-04
1.0764262648008610e-03
2.7855153203342618e-03
8.1366965012205042e-04
9.9206349206349201e-04
1.0764262648008610e-03
2.7777777777777779e-03
0.0
9.9206349206349201e-04
1.0764262648008610e-03
0.0
8.1366965012205042e-04
9.9206349206349201e-04
1.0764262648008610e-03
2.7777777777777779e-03
1.1467889908256881e-03
9.9206349206349201e-04
1.0764262648008610e-03
2.7777777777777779e-03
1.1467889908256881e-03
8.0710250201775622e-04
9.9206349206349201e-04
2.7932960893854749e-03
1.1086474501108647e-03
9.9206349206349201e-04
1.0764262648008610e-03
2.7932960893854749e-03
1.1086474501108647e-03
1.0172939979654120e-03
1.0764262648008610e-03
2.7932960893854749e-03
1.0893246187363835e-03
9.9206349206349201e-04
1.0764262648008610e-03
2.8011204481792717e-03
8.0710250201775622e-04
9.9206349206349201e-04
1.0764262648008610e-03
2.7932960893854749e-03
1.1086474501108647e-03
9.9206349206349201e-04
1.0764262648008610e-03
2.7932960893854749e-03
1.1086474501108647e-03
9.9206349206349201e-04
1.0764262648008610e-03
2.7932960893854749e-03
1.1086474501108647e-03
9.9206349206349201e-04
1.0764262648008610e-03
2.7932960893854749e-03
1.1086474501108647e-03
9.9206349206349201e-04
1.0764262648008610e-03
2.7932960893854749e-03
1.1086474501108647e-03
9.9206349206349201e-04
1.0764262648008610e-03
2.7932960893854749e-03
1.5290519877675841e-03
8.1366965012205042e-04
9.9206349206349201e-04
2.7932960893854749e-03
1.1086474501108647e-03
9.9206349206349201e-04
1.0764262648008610e-03
2.7932960893854749e-03
1.1376564277588168e-03
8.0775444264943462e-04
1.0764262648008610e-03
2.7932960893854749e-03
1.1350737797956867e-03
9.9206349206349201e-04
1.0764262648008610e-03
2.7777777777777779e-03
1.1507479861910242e-03
8.1499592502037486e-04
1.0764262648008610e-03
2.7932960893854749e-03
1.1376564277588168e-03
8.0775444264943462e-04
1.0764262648008610e-03
2.7777777777777779e-03
1.5290519877675841e-03
8.1168831168831174e-04
1.0764262648008610e-03
2.7932960893854749e-03
1.5290519877675841e-03
1.0152284263959391e-03
1.0764262648008610e-03
2.7932960893854749e-03
1.1363636363636363e-03
9.9206349206349201e-04
1.0764262648008610e-03
2.7932960893854749e-03
1.5290519877675841e-03
8.0515297906602254e-04
1.0764262648008610e-03
2.7932960893854749e-03
1.5290519877675841e-03
8.0515297906602254e-04
1.0764262648008610e-03
2.7932960893854749e-03
1.1376564277588168e-03
8.0775444264943462e-04
1.0764262648008610e-03
2.7932960893854749e-03
1.5290519877675841e-03
8.0515297906602254e-04
1.0764262648008610e-03
2.7932960893854749e-03
1.5290519877675841e-03
8.0515297906602254e-04
1.0764262648008610e-03
2.7932960893854749e-03
1.1467889908256881e-03
8.0775444264943462e-04
1.0764262648008610e-03
2.7932960893854749e-03
1.5290519877675841e-03
8.0515297906602254e-04
1.0764262648008610e-03
2.7932960893854749e-03
1.5290519877675841e-03
8.0710250201775622e-04
1.0764262648008610e-03
2.7932960893854749e-03
1.5290519877675841e-03
8.1366965012205042e-04
9.9206349206349201e-04
2.7932960893854749e-03
1.5290519877675841e-03
8.1366965012205042e-04
9.9206349206349201e-04
2.7932960893854749e-03
1.5290519877675841e-03
8.1366965012205042e-04
9.9206349206349201e-04
2.7932960893854749e-03
1.5290519877675841e-03
8.0775444264943462e-04
1.0764262648008610e-03
2.7932960893854749e-03
1.5290519877675841e-03
8.0775444264943462e-04
1.0764262648008610e-03
2.7932960893854749e-03
1.1086474501108647e-03
1.0504201680672268e-03
1.0764262648008610e-03
2.7932960893854749e-03
1.5290519877675841e-03
8.0775444264943462e-04
1.0764262648008610e-03
2.7932960893854749e-03
1.5290519877675841e-03
1.0204081632653062e-03
8.0906148867313920e-04
2.7932960893854749e-03
1.5290519877675841e-03
8.0645161290322581e-04
1.0764262648008610e-03
2.7932960893854749e-03
1.5290519877675841e-03
8.0775444264943462e-04
1.0764262648008610e-03
2.7932960893854749e-03
1.5290519877675841e-03
8.0775444264943462e-04
1.0764262648008610e-03
2.7932960893854749e-03
1.5290519877675841e-03
8.0775444264943462e-04
1.0764262648008610e-03
2.7932960893854749e-03
1.5290519877675841e-03
8.0775444264943462e-04
1.0764262648008610e-03
2.7932960893854749e-03
1.5290519877675841e-03
8.0775444264943462e-04
1.0764262648008610e-03
2.7932960893854749e-03
1.5290519877675841e-03
8.0775444264943462e-04
1.0764262648008610e-03
2.7932960893854749e-03
1.5290519877675841e-03
8.0775444264943462e-04
1.0764262648008610e-03
2.7932960893854749e-03
1.5290519877675841e-03
8.0515297906602254e-04
1.0764262648008610e-03
2.7932960893854749e-03
1.5290519877675841e-03
8.1366965012205042e-04
1.0764262648008610e-03
2.7932960893854749e-03
1.5290519877675841e-03
8.1366965012205042e-04
1.0764262648008610e-03
2.7932960893854749e-03
1.5290519877675841e-03
8.1366965012205042e-04
1.0764262648008610e-03
2.7932960893854749e-03
1.5290519877675841e-03
8.1366965012205042e-04
1.0764262648008610e-03
2.7932960893854749e-03
1.5290519877675841e-03
8.1366965012205042e-04
9.9206349206349201e-04
2.7932960893854749e-03
1.5290519877675841e-03
8.0775444264943462e-04
1.0764262648008610e-03
2.7932960893854749e-03
1.5290519877675841e-03
8.0775444264943462e-04
1.0764262648008610e-03
2.7932960893854749e-03
1.5290519877675841e-03
8.0775444264943462e-04
1.0764262648008610e-03
2.7932960893854749e-03
1.5290519877675841e-03
8.0775444264943462e-04
1.0764262648008610e-03
2.7932960893854749e-03
1.5290519877675841e-03
8.1366965012205042e-04
1.0764262648008610e-03
2.7777777777777779e-03
1.5290519877675841e-03
8.1566068515497557e-04
1.0764262648008610e-03
2.7932960893854749e-03
1.5290519877675841e-03
8.1366965012205042e-04
1.0224948875255625e-03
2.7932960893854749e-03
1.5290519877675841e-03
8.0775444264943462e-04
1.0764262648008610e-03
2.7932960893854749e-03
1.5290519877675841e-03
8.0775444264943462e-04
1.0764262648008610e-03
2.7932960893854749e-03
1.5290519877675841e-03
8.0775444264943462e-04
1.0764262648008610e-03
2.7932960893854749e-03
1.5290519877675841e-03
8.0775444264943462e-04
1.0764262648008610e-03
2.7932960893854749e-03
1.5290519877675841e-03
8.1366965012205042e-04
1.0764262648008610e-03
2.7932960893854749e-03
1.5290519877675841e-03
8.1366965012205042e-04
1.0764262648008610e-03
2.7932960893854749e-03
1.5290519877675841e-03
8.0775444264943462e-04
1.0764262648008610e-03
2.7932960893854749e-03
1.5290519877675841e-03
8.0775444264943462e-04
1.0764262648008610e-03
2.7932960893854749e-03
1.5290519877675841e-03
8.0775444264943462e-04
1.0764262648008610e-03
2.7932960893854749e-03
1.5290519877675841e-03
8.0775444264943462e-04
1.0764262648008610e-03
2.7932960893854749e-03
1.5290519877675841e-03
8.0775444264943462e-04
1.0764262648008610e-03
2.7932960893854749e-03
1.5290519877675841e-03
8.0775444264943462e-04
1.0764262648008610e-03
2.7932960893854749e-03
1.5290519877675841e-03
8.0775444264943462e-04
1.0764262648008610e-03
2.7932960893854749e-03
1.5290519877675841e-03
8.0775444264943462e-04
1.0764262648008610e-03
2.7932960893854749e-03
1.5290519877675841e-03
8.1366965012205042e-04
1.0764262648008610e-03
2.7932960893854749e-03
1.5673981191222570e-03
8.0515297906602254e-04
1.0764262648008610e-03
2.7932960893854749e-03
1.5290519877675841e-03
8.0775444264943462e-04
1.0764262648008610e-03
2.7932960893854749e-03
1.5290519877675841e-03
8.0775444264943462e-04
1.0764262648008610e-03
2.7932960893854749e-03
1.5290519877675841e-03
8.0775444264943462e-04
1.0764262648008610e-03
2.7932960893854749e-03
1.5290519877675841e-03
8.0775444264943462e-04
1.0764262648008610e-03
2.7932960893854749e-03
1.5290519877675841e-03
8.0775444264943462e-04
1.0764262648008610e-03
2.7932960893854749e-03
1.5290519877675841e-03
8.0775444264943462e-04
1.0764262648008610e-03
2.7932960893854749e-03
1.5290519877675841e-03
8.0775444264943462e-04
1.0764262648008610e-03
2.7932960893854749e-03
1.5290519877675841e-03
8.0775444264943462e-04
1.0764262648008610e-03
2.7932960893854749e-03
1.5290519877675841e-03
8.0775444264943462e-04
1.0764262648008610e-03
2.7932960893854749e-03
1.5290519877675841e-03
8.1366965012205042e-04
1.0224948875255625e-03
2.7932960893854749e-03
1.5290519877675841e-03
8.0775444264943462e-04
1.0764262648008610e-03
2.7932960893854749e-03
1.5290519877675841e-03
8.0775444264943462e-04
1.0764262648008610e-03
2.7932960893854749e-03
1.5290519877675841e-03
8.1366965012205042e-04
1.0224948875255625e-03
2.7932960893854749e-03
1.5290519877675841e-03
8.1366965012205042e-04
1.0224948875255625e-03
2.7932960893854749e-03
1.5290519877675841e-03
8.0710250201775622e-04
1.0204081632653062e-03
2.7932960893854749e-03
1.5290519877675841e-03
8.0710250201775622e-04
1.0204081632653062e-03
2.7932960893854749e-03
1.5290519877675841e-03
8.1366965012205042e-04
1.0224948875255625e-03
2.7932960893854749e-03
1.5290519877675841e-03
8.0710250201775622e-04
1.0204081632653062e-03
2.7932960893854749e-03
1.5290519877675841e-03
8.0710250201775622e-04
1.0204081632653062e-03
2.7932960893854749e-03
1.5290519877675841e-03
1.0893246187363835e-03
9.9206349206349201e-04
2.8011204481792717e-03
1.5290519877675841e-03
8.0775444264943462e-04
1.0764262648008610e-03
2.7932960893854749e-03
1.5290519877675841e-03
8.0840743734842356e-04
1.0764262648008610e-03
2.7932960893854749e-03
1.5290519877675841e-03
8.1366965012205042e-04
1.0224948875255625e-03
2.7932960893854749e-03
1.5290519877675841e-03
8.1366965012205042e-04
1.0224948875255625e-03
2.7932960893854749e-03
1.5290519877675841e-03
8.1366965012205042e-04
1.0224948875255625e-03
2.7932960893854749e-03
1.5290519877675841e-03
8.1366965012205042e-04
1.0224948875255625e-03
2.7932960893854749e-03
1.5290519877675841e-03
8.1366965012205042e-04
1.0224948875255625e-03
2.7932960893854749e-03
1.5290519877675841e-03
8.1366965012205042e-04
1.0764262648008610e-03
2.7932960893854749e-03
1.5290519877675841e-03
8.0710250201775622e-04
1.3106159895150721e-03
2.7932960893854749e-03
1.5290519877675841e-03
8.0710250201775622e-04
1.3106159895150721e-03
2.7932960893854749e-03
1.5290519877675841e-03
1.0928961748633880e-03
1.0764262648008610e-03
2.7932960893854749e-03
1.5290519877675841e-03
1.0893246187363835e-03
1.0764262648008610e-03
2.7932960893854749e-03
1.5673981191222570e-03
8.0450522928399030e-04
1.0764262648008610e-03
2.7932960893854749e-03
1.5290519877675841e-03
8.1103000811030010e-04
1.0204081632653062e-03
2.7932960893854749e-03
1.5290519877675841e-03
8.0775444264943462e-04
1.0764262648008610e-03
2.7932960893854749e-03
1.5290519877675841e-03
1.0893246187363835e-03
1.0224948875255625e-03
2.8011204481792717e-03
1.5290519877675841e-03
8.0775444264943462e-04
1.0764262648008610e-03
1.1111111111111110e-01
8.3333333333333329e-02
8.3333333333333329e-02
8.3333333333333329e-02
8.3333333333333329e-02
2.7932960893854749e-03
1.5290519877675841e-03
9.9206349206349201e-04
1.5360983102918587e-03
2.7700831024930748e-03
1.1560693641618498e-03
9.9304865938430980e-04
1.0764262648008610e-03
8.3333333333333329e-02
1.0893246187363835e-03
9.9206349206349201e-04
1.2547051442910915e-03
7.6923076923076927e-02
8.1366965012205042e-04
9.9206349206349201e-04
1.0764262648008610e-03
2.6246719160104987e-03
2.4213075060532689e-03
1.8181818181818181e-02
2.2779043280182231e-03
1.3698630136986301e-02
2.0000000000000001e-01
2.3529411764705880e-03
2.3310023310023310e-03
3.8461538461538464e-02
4.1666666666666664e-02
2.5000000000000001e-03
2.3529411764705880e-03
3.8461538461538464e-02
4.1666666666666664e-02
2.5000000000000001e-03
2.3529411764705880e-03
3.8461538461538464e-02
4.1666666666666664e-02
2.5000000000000001e-03
2.3529411764705880e-03
1.6666666666666666e-01
8.0710250201775622e-04
9.9206349206349201e-04
1.0764262648008610e-03
5.0000000000000000e-01
5.0000000000000000e-01
1.5873015873015872e-02
1.5384615384615385e-03
8.0710250201775622e-04
8.0775444264943462e-04
1.0764262648008610e-03
8.0971659919028337e-04
9.9206349206349201e-04
1.0764262648008610e-03
2.3752969121140144e-03
1.8181818181818181e-02
4.1666666666666664e-02
2.5000000000000000e-01
1.1223344556677891e-03
8.1037277147487841e-04
8.3194675540765393e-04
2.7777777777777779e-03
8.0906148867313920e-04
1.0764262648008610e-03
1.8518518518518519e-03
9.9206349206349201e-04
1.0764262648008610e-03
2.7855153203342618e-03
8.1366965012205042e-04
1.0764262648008610e-03
2.7932960893854749e-03
8.0256821829855537e-04
1.0764262648008610e-03
2.7777777777777779e-03
8.1168831168831174e-04
1.0764262648008610e-03
2.7932960893854749e-03
1.1376564277588168e-03
8.0775444264943462e-04
2.7932960893854749e-03
8.0775444264943462e-04
1.0764262648008610e-03
2.7932960893854749e-03
8.0775444264943462e-04
1.0764262648008610e-03
2.7777777777777779e-03
1.5290519877675841e-03
1.0204081632653062e-03
2.7777777777777779e-03
1.5290519877675841e-03
8.0385852090032153e-04
2.7932960893854749e-03
8.1168831168831174e-04
1.0764262648008610e-03
2.7932960893854749e-03
8.2236842105263153e-04
1.0764262648008610e-03
2.7932960893854749e-03
1.5290519877675841e-03
1.0020040080160320e-03
2.7777777777777779e-03
1.5290519877675841e-03
1.0351966873706005e-03
2.7932960893854749e-03
1.1001100110011001e-03
1.0764262648008610e-03
2.7777777777777779e-03
8.1103000811030010e-04
1.0940919037199124e-03
2.7932960893854749e-03
1.5290519877675841e-03
1.0764262648008610e-03
2.8011204481792717e-03
8.1168831168831174e-04
1.0764262648008610e-03
2.8011204481792717e-03
1.1467889908256881e-03
1.0204081632653062e-03
2.7932960893854749e-03
1.5290519877675841e-03
8.1366965012205042e-04
2.7932960893854749e-03
1.5290519877675841e-03
1.0204081632653062e-03
2.7932960893854749e-03
1.1350737797956867e-03
1.0224948875255625e-03
2.7932960893854749e-03
1.5290519877675841e-03
8.0580177276390005e-04
2.7932960893854749e-03
1.5290519877675841e-03
1.0893246187363835e-03
2.7932960893854749e-03
9.9304865938430980e-04
1.0764262648008610e-03
2.7932960893854749e-03
1.5290519877675841e-03
1.0526315789473684e-03
7.6923076923076927e-02
9.9206349206349201e-04
1.0224948875255625e-03
7.6923076923076927e-02
9.9206349206349201e-04
1.0764262648008610e-03
2.4154589371980675e-03
2.5641025641025641e-03
2.5575447570332483e-03
2.6246719160104987e-03
2.4213075060532689e-03
1.4705882352941176e-02
1.6181229773462784e-03
3.2786885245901639e-03
2.9673590504451040e-03
5.8823529411764705e-02
8.0580177276390005e-04
1.0204081632653062e-03
6.2500000000000000e-02
2.4213075060532689e-03
2.2935779816513763e-03
1.6666666666666666e-01
9.9206349206349201e-04
1.0764262648008610e-03
2.7932960893854749e-03
1.5290519877675841e-03
1.1111111111111110e-01
1.6666666666666666e-01
2.5000000000000001e-03
5.0000000000000000e-01
8.1234768480909826e-04
3.4129692832764505e-03
2.7932960893854749e-03
1.0764262648008610e-03
2.7777777777777779e-03
1.0214504596527069e-03
2.4390243902439024e-03
1.0764262648008610e-03
2.7932960893854749e-03
1.5290519877675841e-03
1.6666666666666666e-01
9.9502487562189048e-04
8.3333333333333329e-02
2.6246719160104987e-03
2.4154589371980675e-03
7.1428571428571425e-02
8.0645161290322581e-04
2.4630541871921183e-03
2.4154589371980675e-03
1.6949152542372881e-02
2.3529411764705880e-03
3.8461538461538464e-02
2.3529411764705880e-03
1.0799136069114472e-03
5.0000000000000003e-02
6.2500000000000000e-02
2.5510204081632651e-03
3.3333333333333331e-01
2.4813895781637717e-03
6.6666666666666666e-02
1.0204081632653062e-03
1.6666666666666666e-01
1.0917030567685589e-03
9.0909090909090912e-02
6.2500000000000000e-02
1.0764262648008610e-03
6.6666666666666666e-02
2.3529411764705880e-03
2.0746887966804979e-03
2.5000000000000000e-01
2.5000000000000000e-01
2.5000000000000000e-01
1.6666666666666666e-01
1.0764262648008610e-03
4.3478260869565216e-02
4.3478260869565216e-02
4.3478260869565216e-02
4.3478260869565216e-02
1.0741138560687433e-03
2.0000000000000001e-01
2.5125628140703518e-03
1.6666666666666666e-01
7.1428571428571425e-02
8.3333333333333329e-02
7.1428571428571425e-02
8.3333333333333329e-02
5.0000000000000003e-02
9.0909090909090912e-02
5.0000000000000003e-02
9.0909090909090912e-02
7.1428571428571425e-02
8.3333333333333329e-02
7.1428571428571425e-02
8.3333333333333329e-02
7.1428571428571425e-02
8.3333333333333329e-02
5.0000000000000003e-02
9.0909090909090912e-02
7.1428571428571425e-02
8.3333333333333329e-02
5.0000000000000003e-02
9.0909090909090912e-02
5.0000000000000003e-02
9.0909090909090912e-02
5.0000000000000003e-02
9.0909090909090912e-02
7.1428571428571425e-02
8.3333333333333329e-02
7.1428571428571425e-02
8.3333333333333329e-02
7.1428571428571425e-02
8.3333333333333329e-02
7.1428571428571425e-02
8.3333333333333329e-02
5.2631578947368418e-02
1.0000000000000001e-01
5.2631578947368418e-02
9.0909090909090912e-02
1.0000000000000000e+00
5.0000000000000000e-01
1.6666666666666666e-01
2.5000000000000000e-01
4.0000000000000001e-02
1.0000000000000001e-01
2.0000000000000001e-01
2.0000000000000001e-01
5.2631578947368418e-02
1.0000000000000001e-01
2.0000000000000001e-01
2.0000000000000001e-01
5.2631578947368418e-02
1.0000000000000001e-01
5.2631578947368418e-02
1.0000000000000001e-01
7.1428571428571425e-02
8.3333333333333329e-02
5.2631578947368418e-02
1.0000000000000001e-01
2.0000000000000001e-01
2.0000000000000001e-01
3.8461538461538464e-02
1.0000000000000001e-01
1.0764262648008610e-03
3.8461538461538464e-02
1.1111111111111110e-01
5.2631578947368418e-02
1.0000000000000001e-01
3.8461538461538464e-02
1.1111111111111110e-01
1.0204081632653062e-03
3.8461538461538464e-02
1.1111111111111110e-01
1.0000000000000000e+00
4.3478260869565216e-02
4.3478260869565216e-02
4.3478260869565216e-02
4.3478260869565216e-02
4.3478260869565216e-02
3.8461538461538464e-02
1.1111111111111110e-01
2.0000000000000001e-01
2.0000000000000001e-01
1.6666666666666666e-01
1.0559662090813093e-03
2.0000000000000001e-01
2.0000000000000001e-01
1.6666666666666666e-01
3.8461538461538464e-02
6.2500000000000000e-02
3.8461538461538464e-02
6.2500000000000000e-02
8.0971659919028337e-04
3.8461538461538464e-02
6.2500000000000000e-02
2.0000000000000001e-01
2.0000000000000001e-01
1.6666666666666666e-01
3.8461538461538464e-02
1.1111111111111110e-01
3.8461538461538464e-02
6.2500000000000000e-02
3.8461538461538464e-02
1.1111111111111110e-01
1.5479876160990713e-03
2.0000000000000001e-01
2.0000000000000001e-01
1.6666666666666666e-01
2.0000000000000001e-01
2.0000000000000001e-01
2.0000000000000001e-01
2.0000000000000001e-01
2.0000000000000001e-01
2.0000000000000001e-01
1.6666666666666666e-01
2.2935779816513763e-03
3.8461538461538464e-02
1.1111111111111110e-01
1.0373443983402490e-03
7.1428571428571425e-02
8.3333333333333329e-02
1.4084507042253522e-03
3.0120481927710845e-03
2.5000000000000000e-01
2.5000000000000000e-01
2.7932960893854749e-03
2.7777777777777779e-03
2.8985507246376812e-03
2.5000000000000000e-01
2.5000000000000000e-01
2.7932960893854749e-03
2.9761904761904760e-03
1.6666666666666666e-01
2.0000000000000001e-01
1.6666666666666666e-01
2.0000000000000001e-01
1.6666666666666666e-01
2.0000000000000001e-01
1.6666666666666666e-01
2.0000000000000001e-01
2.7932960893854749e-03
2.5000000000000000e-01
2.5000000000000000e-01
1.6666666666666666e-01
2.0000000000000001e-01
2.5000000000000000e-01
2.5000000000000000e-01
3.6764705882352941e-03
3.3333333333333331e-01
1.6666666666666666e-01
2.6385224274406332e-03
2.6385224274406332e-03
1.2500000000000000e-01
3.3333333333333331e-01
1.1111111111111110e-01
3.7735849056603774e-03
3.3333333333333331e-01
3.3333333333333331e-01
2.8248587570621469e-03
3.4129692832764505e-03
2.7322404371584699e-03
3.3333333333333331e-01
3.3333333333333331e-01
7.1428571428571425e-02
1.0000000000000000e+00
3.3333333333333331e-01
3.3333333333333331e-01
3.3333333333333331e-01
3.3333333333333331e-01
3.3333333333333331e-01
3.3333333333333331e-01
3.3333333333333331e-01
3.3333333333333331e-01
1.0000000000000000e+00
1.0000000000000000e+00
4.0000000000000001e-03
2.5000000000000000e-01
3.8461538461538464e-02
5.0000000000000000e-01
2.8571428571428571e-03
1.6666666666666666e-01
8.3333333333333329e-02
1.0000000000000000e+00
3.3333333333333331e-01
7.1428571428571425e-02
7.1428571428571425e-02
2.5000000000000000e-01
5.0000000000000000e-01
7.6923076923076927e-02
7.6923076923076927e-02
1.0000000000000000e+00
5.0000000000000000e-01
2.0000000000000001e-01
5.0000000000000000e-01
1.1111111111111110e-01
7.6923076923076927e-02
5.0000000000000000e-01
1.0000000000000000e+00
1.0000000000000000e+00
7.1428571428571425e-02
1.0000000000000000e+00
1.0000000000000000e+00
3.3333333333333331e-01
2.5000000000000000e-01
3.3333333333333331e-01
3.3333333333333331e-01
5.0000000000000000e-01
1.0000000000000000e+00
1.0000000000000000e+00
3.3333333333333331e-01
2.5000000000000000e-01
1.0000000000000000e+00
5.0000000000000000e-01
1.0000000000000000e+00
1.0000000000000000e+00
1.0000000000000000e+00
1.0000000000000000e+00
3.3333333333333331e-01
2.5000000000000000e-01
3.3333333333333331e-01
9.0909090909090912e-02
5.0000000000000000e-01
5.0000000000000000e-01
2.5000000000000000e-01
3.3333333333333331e-01
5.0000000000000000e-01
1.4285714285714285e-01
1.4285714285714285e-01
3.3333333333333331e-01
2.5000000000000000e-01
1.0000000000000000e+00
1.0000000000000000e+00
3.3333333333333331e-01
2.5000000000000000e-01
3.3333333333333331e-01
2.5000000000000000e-01
5.0000000000000000e-01
5.0000000000000000e-01
5.0000000000000000e-01
