5.2631578947368418e-02
4.3478260869565216e-02
2.4390243902439025e-02
3.5714285714285712e-02
2.3255813953488372e-02
1.5625000000000000e-02
3.4482758620689655e-02
2.1276595744680851e-02
2.1739130434782608e-02
1.4084507042253521e-02
4.3478260869565216e-02
3.3333333333333333e-02
1.3698630136986301e-02
1.5625000000000000e-02
1.6129032258064516e-02
2.1739130434782608e-02
1.3698630136986301e-02
1.5625000000000000e-02
1.4925373134328358e-02
1.4084507042253521e-02
1.5384615384615385e-02
4.1666666666666664e-02
1.8867924528301886e-02
1.5625000000000000e-02
5.0000000000000003e-02
1.4084507042253521e-02
1.5384615384615385e-02
1.6129032258064516e-02
0.0
0.0
4.3478260869565216e-02
3.5714285714285712e-02
1.5625000000000000e-02
2.1739130434782608e-02
1.9230769230769232e-02
1.5625000000000000e-02
1.8518518518518517e-02
2.1739130434782608e-02
1.4492753623188406e-02
1.0000000000000000e+00
3.3333333333333331e-01
3.3333333333333331e-01
3.3333333333333331e-01
1.4925373134328358e-02
1.5384615384615385e-02
5.0000000000000000e-01
3.3333333333333331e-01
3.3333333333333331e-01
1.5873015873015872e-02
1.5384615384615385e-02
1.6393442622950821e-02
1.5384615384615385e-02
1.4925373134328358e-02
1.5384615384615385e-02
1.4925373134328358e-02
1.5384615384615385e-02
4.3478260869565216e-02
4.3478260869565216e-02
0.0
1.5384615384615385e-02
2.0000000000000001e-01
1.4285714285714285e-01
2.0000000000000001e-01
1.4285714285714285e-01
5.0000000000000000e-01
3.3333333333333331e-01
3.5714285714285712e-02
1.0000000000000000e+00
1.4705882352941176e-02
1.0000000000000000e+00
1.0000000000000000e+00
1.8181818181818181e-02
2.5000000000000000e-01
2.5000000000000000e-01
3.3333333333333331e-01
1.5873015873015872e-02
1.5873015873015872e-02
1.5873015873015872e-02
1.7241379310344827e-02
0.0
3.4482758620689655e-02
1.5873015873015872e-02
1.5873015873015872e-02
1.5873015873015872e-02
1.6393442622950821e-02
1.5873015873015872e-02
1.5384615384615385e-02
1.8518518518518517e-02
1.8518518518518517e-02
1.4925373134328358e-02
3.2258064516129031e-02
1.7241379310344827e-02
1.5873015873015872e-02
1.9230769230769232e-02
1.6129032258064516e-02
1.6129032258064516e-02
2.1739130434782608e-02
1.7857142857142856e-02
1.0000000000000000e+00
1.0000000000000000e+00
1.5625000000000000e-02
1.6129032258064516e-02
1.5384615384615385e-02
1.6129032258064516e-02
1.6393442622950821e-02
4.3478260869565216e-02
3.4482758620689655e-02
2.5000000000000000e-01
5.0000000000000000e-01
3.4482758620689655e-02
3.0303030303030304e-02
1.0000000000000000e+00
1.1111111111111110e-01
5.0000000000000000e-01
3.3333333333333331e-01
1.4285714285714285e-01
1.0000000000000000e+00
1.0000000000000000e+00
1.0000000000000000e+00
1.0000000000000000e+00
1.0000000000000000e+00
1.2500000000000000e-01
1.2500000000000000e-01
5.0000000000000000e-01
1.2500000000000000e-01
1.2500000000000000e-01
1.2500000000000000e-01
1.2500000000000000e-01
1.2500000000000000e-01
2.5000000000000000e-01
5.0000000000000000e-01
1.0000000000000000e+00
1.0000000000000000e+00
1.0000000000000000e+00
2.0000000000000001e-01
2.0000000000000001e-01
2.5000000000000000e-01
2.0000000000000001e-01
2.0000000000000001e-01
2.5000000000000000e-01
1.0000000000000000e+00
1.0000000000000000e+00
2.0000000000000001e-01
2.0000000000000001e-01
2.5000000000000000e-01
2.0000000000000001e-01
2.0000000000000001e-01
2.5000000000000000e-01
2.0000000000000001e-01
2.0000000000000001e-01
