2.0000000000000001e-01
6.2111801242236021e-03
6.5789473684210523e-03
6.2893081761006293e-03
5.7471264367816091e-03
6.2111801242236021e-03
6.1728395061728392e-03
6.2500000000000003e-03
6.0240963855421690e-03
6.0240963855421690e-03
6.4516129032258064e-03
6.2500000000000003e-03
6.0240963855421690e-03
6.2111801242236021e-03
6.1728395061728392e-03
6.2111801242236021e-03
6.5359477124183009e-03
6.0606060606060606e-03
6.4516129032258064e-03
6.2500000000000003e-03
6.4516129032258064e-03
6.0606060606060606e-03
6.4516129032258064e-03
6.2111801242236021e-03
6.1728395061728392e-03
6.0606060606060606e-03
6.4516129032258064e-03
6.0606060606060606e-03
6.4516129032258064e-03
6.0606060606060606e-03
6.4516129032258064e-03
6.0606060606060606e-03
6.4516129032258064e-03
6.0606060606060606e-03
6.4516129032258064e-03
6.2500000000000003e-03
6.4516129032258064e-03
6.7114093959731542e-03
1.5873015873015872e-02
6.2500000000000003e-03
6.4516129032258064e-03
6.0606060606060606e-03
6.4516129032258064e-03
6.2500000000000003e-03
6.3694267515923570e-03
6.2500000000000003e-03
6.4516129032258064e-03
6.2500000000000003e-03
6.4516129032258064e-03
6.2500000000000003e-03
6.4516129032258064e-03
6.2500000000000003e-03
6.4516129032258064e-03
6.2500000000000003e-03
6.4516129032258064e-03
6.2500000000000003e-03
6.4516129032258064e-03
6.2500000000000003e-03
6.4516129032258064e-03
6.2500000000000003e-03
6.4516129032258064e-03
6.2500000000000003e-03
6.3694267515923570e-03
6.2500000000000003e-03
6.4516129032258064e-03
6.2893081761006293e-03
5.7471264367816091e-03
6.8493150684931503e-03
6.4516129032258064e-03
6.3694267515923570e-03
6.4516129032258064e-03
6.2111801242236021e-03
6.5359477124183009e-03
6.2500000000000003e-03
6.4516129032258064e-03
6.0606060606060606e-03
6.4516129032258064e-03
6.2111801242236021e-03
5.7471264367816091e-03
6.2111801242236021e-03
6.5359477124183009e-03
5.9523809523809521e-03
6.4516129032258064e-03
6.3291139240506328e-03
5.7142857142857143e-03
6.0606060606060606e-03
6.5789473684210523e-03
6.5359477124183009e-03
6.4516129032258064e-03
6.2111801242236021e-03
6.1728395061728392e-03
6.2500000000000003e-03
5.7142857142857143e-03
6.0606060606060606e-03
6.5789473684210523e-03
6.1728395061728392e-03
5.1020408163265302e-03
6.0606060606060606e-03
6.4516129032258064e-03
6.8027210884353739e-03
5.7471264367816091e-03
7.6923076923076927e-03
6.4935064935064939e-03
6.8027210884353739e-03
6.1728395061728392e-03
6.0606060606060606e-03
6.0606060606060606e-03
6.2500000000000003e-03
6.0606060606060606e-03
6.4102564102564100e-03
6.4516129032258064e-03
6.2111801242236021e-03
6.1349693251533744e-03
6.2500000000000003e-03
6.5789473684210523e-03
6.2111801242236021e-03
6.1728395061728392e-03
6.2111801242236021e-03
5.1020408163265302e-03
6.2111801242236021e-03
6.1728395061728392e-03
6.2111801242236021e-03
6.1728395061728392e-03
6.1349693251533744e-03
6.4516129032258064e-03
5.1282051282051282e-03
6.5359477124183009e-03
6.0606060606060606e-03
6.4516129032258064e-03
6.2111801242236021e-03
5.2631578947368420e-03
6.4935064935064939e-03
5.7142857142857143e-03
6.0606060606060606e-03
6.1349693251533744e-03
4.8076923076923080e-03
4.7169811320754715e-03
6.0606060606060606e-03
6.5789473684210523e-03
6.4102564102564100e-03
6.3694267515923570e-03
6.2111801242236021e-03
6.1728395061728392e-03
6.8965517241379309e-03
6.4516129032258064e-03
6.4102564102564100e-03
6.1728395061728392e-03
6.7567567567567571e-03
6.5789473684210523e-03
6.8027210884353739e-03
6.5359477124183009e-03
6.3291139240506328e-03
6.4516129032258064e-03
6.3291139240506328e-03
6.4516129032258064e-03
6.0240963855421690e-03
6.5359477124183009e-03
6.2500000000000003e-03
6.5789473684210523e-03
6.3291139240506328e-03
6.4516129032258064e-03
6.3291139240506328e-03
6.4516129032258064e-03
7.0921985815602835e-03
5.7142857142857143e-03
6.2111801242236021e-03
6.4935064935064939e-03
6.4516129032258064e-03
5.7471264367816091e-03
6.7114093959731542e-03
5.7142857142857143e-03
6.2500000000000003e-03
6.4516129032258064e-03
6.0606060606060606e-03
6.5789473684210523e-03
1.4285714285714285e-01
6.4516129032258064e-03
6.2500000000000003e-03
6.6225165562913907e-03
7.0921985815602835e-03
6.5789473684210523e-03
6.1728395061728392e-03
6.5359477124183009e-03
6.2111801242236021e-03
6.0606060606060606e-03
6.4516129032258064e-03
6.4516129032258064e-03
6.6666666666666671e-03
6.1349693251533744e-03
6.8027210884353739e-03
6.1728395061728392e-03
6.0606060606060606e-03
6.4516129032258064e-03
6.6666666666666671e-03
6.4516129032258064e-03
6.2500000000000003e-03
6.4516129032258064e-03
6.2500000000000003e-03
6.4516129032258064e-03
6.4102564102564100e-03
6.5789473684210523e-03
5.9171597633136093e-03
5.1020408163265302e-03
1.1111111111111112e-02
6.0240963855421690e-03
6.1728395061728392e-03
6.5789473684210523e-03
5.0000000000000000e-01
5.0000000000000000e-01
6.1349693251533744e-03
6.2111801242236021e-03
6.4102564102564100e-03
6.0606060606060606e-03
5.8479532163742687e-03
6.4102564102564100e-03
6.2500000000000000e-02
5.5865921787709499e-03
6.4102564102564100e-03
6.5789473684210523e-03
6.0606060606060606e-03
6.5789473684210523e-03
6.3291139240506328e-03
6.6225165562913907e-03
6.0606060606060606e-03
6.5789473684210523e-03
6.8965517241379309e-03
4.5871559633027525e-03
6.0606060606060606e-03
6.4516129032258064e-03
1.2500000000000000e-01
5.5555555555555558e-03
7.4626865671641790e-03
5.0251256281407036e-03
6.4935064935064939e-03
6.6225165562913907e-03
6.3291139240506328e-03
6.6225165562913907e-03
2.1739130434782608e-02
5.5555555555555558e-03
6.7567567567567571e-03
6.5359477124183009e-03
6.0606060606060606e-03
6.4516129032258064e-03
7.5757575757575760e-03
5.0251256281407036e-03
6.2893081761006293e-03
6.5359477124183009e-03
7.7519379844961239e-03
6.5359477124183009e-03
6.5359477124183009e-03
6.5789473684210523e-03
6.5789473684210523e-03
6.4516129032258064e-03
7.4626865671641790e-03
9.6153846153846159e-03
6.7114093959731542e-03
5.7142857142857143e-03
6.7114093959731542e-03
5.7142857142857143e-03
6.7114093959731542e-03
5.7142857142857143e-03
6.7114093959731542e-03
5.7142857142857143e-03
6.7114093959731542e-03
5.7142857142857143e-03
5.7142857142857143e-03
9.5238095238095247e-03
7.4626865671641790e-03
6.5789473684210523e-03
8.6206896551724137e-03
6.1728395061728392e-03
6.2500000000000003e-03
5.1813471502590676e-03
7.1428571428571426e-03
5.7142857142857143e-03
5.0000000000000000e-01
1.0000000000000000e+00
5.3763440860215058e-03
1.0101010101010102e-02
5.2083333333333330e-03
8.1967213114754103e-03
6.5359477124183009e-03
6.5789473684210523e-03
1.1363636363636364e-02
6.2111801242236021e-03
1.0204081632653060e-02
7.1942446043165471e-03
8.6956521739130436e-03
9.6153846153846159e-03
6.7114093959731542e-03
6.4102564102564100e-03
8.3333333333333332e-03
8.9285714285714281e-03
4.9751243781094526e-03
8.3333333333333332e-03
1.2048192771084338e-02
6.6225165562913907e-03
9.8039215686274508e-03
7.4074074074074077e-03
1.2048192771084338e-02
6.6225165562913907e-03
1.3698630136986301e-02
8.8495575221238937e-03
6.0240963855421690e-03
6.2500000000000003e-03
6.9930069930069930e-03
1.0101010101010102e-02
6.5359477124183009e-03
9.5238095238095247e-03
9.6153846153846159e-03
8.2644628099173556e-03
9.6153846153846159e-03
8.2644628099173556e-03
7.3529411764705881e-03
6.0240963855421690e-03
4.7169811320754715e-03
1.0204081632653060e-02
9.9009900990099011e-03
4.5662100456621002e-03
1.0000000000000000e-02
8.9285714285714281e-03
1.0989010989010990e-02
9.9009900990099011e-03
1.0989010989010990e-02
9.9009900990099011e-03
1.0526315789473684e-02
8.1967213114754103e-03
9.6153846153846159e-03
1.0416666666666666e-02
1.0101010101010102e-02
9.6153846153846159e-03
4.9751243781094526e-03
1.0309278350515464e-02
8.4033613445378148e-03
8.1967213114754103e-03
1.2658227848101266e-02
8.3333333333333332e-03
1.0101010101010102e-02
8.1967213114754103e-03
1.0526315789473684e-02
9.5238095238095247e-03
7.8125000000000000e-03
1.0416666666666666e-02
9.9009900990099011e-03
1.0204081632653060e-02
9.6153846153846159e-03
8.1967213114754103e-03
9.6153846153846159e-03
8.1967213114754103e-03
9.6153846153846159e-03
8.1967213114754103e-03
1.0989010989010990e-02
6.6225165562913907e-03
1.9230769230769232e-02
6.2500000000000003e-03
9.6153846153846159e-03
8.1967213114754103e-03
9.6153846153846159e-03
8.1967213114754103e-03
9.6153846153846159e-03
8.1967213114754103e-03
9.6153846153846159e-03
8.1967213114754103e-03
9.6153846153846159e-03
8.1967213114754103e-03
1.0416666666666666e-02
1.0416666666666666e-02
1.1904761904761904e-02
1.0000000000000000e-02
1.0101010101010102e-02
7.5187969924812026e-03
9.8039215686274508e-03
1.0416666666666666e-02
9.6153846153846159e-03
7.4074074074074077e-03
9.8039215686274508e-03
1.0416666666666666e-02
9.0090090090090089e-03
1.1111111111111112e-02
7.8125000000000000e-03
6.6225165562913907e-03
1.7857142857142856e-02
9.9009900990099011e-03
9.8039215686274508e-03
8.1967213114754103e-03
1.2658227848101266e-02
1.0309278350515464e-02
9.9009900990099011e-03
8.1967213114754103e-03
9.9009900990099011e-03
8.1967213114754103e-03
9.8039215686274508e-03
7.4074074074074077e-03
9.8039215686274508e-03
7.4074074074074077e-03
1.0416666666666666e-02
8.1967213114754103e-03
9.6153846153846159e-03
1.0204081632653060e-02
9.6153846153846159e-03
9.4339622641509430e-03
9.8039215686274508e-03
1.0416666666666666e-02
7.7519379844961239e-03
6.6225165562913907e-03
9.6153846153846159e-03
1.0204081632653060e-02
1.0989010989010990e-02
6.6225165562913907e-03
9.8039215686274508e-03
9.3457943925233638e-03
1.6666666666666666e-02
1.0752688172043012e-02
1.2658227848101266e-02
9.5238095238095247e-03
5.7142857142857143e-03
1.0204081632653060e-02
7.2992700729927005e-03
6.0240963855421690e-03
1.0526315789473684e-02
8.1967213114754103e-03
1.0752688172043012e-02
9.0090090090090089e-03
6.4102564102564100e-03
2.5000000000000000e-01
1.1904761904761904e-02
8.3333333333333332e-03
9.8039215686274508e-03
1.0416666666666666e-02
9.6153846153846159e-03
1.5625000000000000e-02
8.7719298245614030e-03
1.0638297872340425e-02
6.4102564102564100e-03
2.5000000000000000e-01
1.1494252873563218e-02
1.1363636363636364e-02
9.6153846153846159e-03
1.0526315789473684e-02
1.1904761904761904e-02
6.5789473684210523e-03
8.4745762711864406e-03
1.0204081632653060e-02
8.6956521739130436e-03
9.5238095238095247e-03
9.7087378640776691e-03
1.0989010989010990e-02
9.6153846153846159e-03
1.0989010989010990e-02
1.5151515151515152e-02
1.1111111111111112e-02
1.1627906976744186e-02
1.1494252873563218e-02
1.5151515151515152e-02
1.0309278350515464e-02
1.0000000000000000e-02
9.6153846153846159e-03
9.8039215686274508e-03
1.2048192771084338e-02
9.6153846153846159e-03
1.1235955056179775e-02
1.0416666666666666e-02
1.0204081632653060e-02
1.0989010989010990e-02
1.0638297872340425e-02
4.7619047619047616e-02
1.0638297872340425e-02
9.1743119266055051e-03
1.0869565217391304e-02
1.4285714285714285e-01
1.0752688172043012e-02
5.0000000000000000e-01
6.2111801242236021e-03
3.8461538461538464e-02
1.0638297872340425e-02
1.1627906976744186e-02
1.0638297872340425e-02
1.0000000000000000e-02
1.1235955056179775e-02
3.3333333333333331e-01
2.5000000000000000e-01
1.0869565217391304e-02
1.1494252873563218e-02
1.2500000000000001e-02
3.3333333333333331e-01
1.4705882352941176e-02
1.1111111111111112e-02
5.0000000000000000e-01
5.0000000000000000e-01
1.0000000000000000e+00
1.0000000000000000e+00
4.7619047619047616e-02
1.0638297872340425e-02
5.0000000000000000e-01
5.0000000000000000e-01
1.0000000000000000e+00
2.5000000000000000e-01
8.3333333333333329e-02
1.0000000000000000e+00
3.3333333333333331e-01
2.5000000000000000e-01
1.4285714285714285e-01
1.1111111111111112e-02
7.6923076923076927e-02
3.3333333333333331e-01
3.3333333333333331e-01
2.5000000000000000e-01
5.0000000000000000e-01
6.1728395061728392e-03
5.0000000000000000e-01
6.1728395061728392e-03
7.9365079365079361e-03
6.2893081761006293e-03
1.0000000000000000e+00
6.1728395061728392e-03
6.2111801242236021e-03
6.0606060606060606e-03
6.2500000000000003e-03
6.3291139240506328e-03
6.4516129032258064e-03
6.3291139240506328e-03
7.8125000000000000e-03
6.7114093959731542e-03
4.9751243781094526e-03
1.0101010101010102e-02
8.7719298245614030e-03
8.4033613445378148e-03
1.1627906976744186e-02
9.6153846153846159e-03
9.6153846153846159e-03
9.8039215686274508e-03
9.6153846153846159e-03
1.2195121951219513e-02
1.0000000000000000e-02
9.9009900990099011e-03
1.0989010989010990e-02
5.7471264367816091e-03
1.0989010989010990e-02
1.4285714285714285e-01
6.4516129032258064e-03
1.0000000000000000e+00
1.0000000000000000e+00
1.0000000000000000e+00
7.1428571428571425e-02
6.6225165562913907e-03
1.0000000000000000e+00
2.5000000000000000e-01
1.0869565217391304e-02
1.0000000000000000e+00
1.0000000000000000e+00
5.0000000000000000e-01
5.0000000000000000e-01
3.3333333333333331e-01
2.5000000000000000e-01
1.0000000000000000e+00
2.5000000000000000e-01
1.6666666666666666e-01
1.0000000000000000e+00
5.0000000000000000e-01
5.0000000000000000e-01
1.6666666666666666e-01
1.0000000000000000e+00
1.0000000000000000e+00
1.6666666666666666e-01
1.0000000000000001e-01
2.5000000000000000e-01
5.0000000000000000e-01
1.0000000000000000e+00
1.0000000000000000e+00
2.0000000000000001e-01
5.0000000000000000e-01
1.0000000000000000e+00
1.2500000000000000e-01
2.5000000000000000e-01
1.2500000000000000e-01
5.0000000000000000e-01
2.0000000000000001e-01
1.0000000000000000e+00
1.0000000000000000e+00
1.0000000000000000e+00
1.2500000000000000e-01
5.0000000000000000e-01
5.0000000000000000e-01
1.0000000000000000e+00
1.2500000000000000e-01
1.2500000000000000e-01
3.3333333333333331e-01
2.0000000000000001e-01
1.2500000000000000e-01
1.0000000000000000e+00
5.0000000000000000e-01
1.0000000000000000e+00
2.0000000000000001e-01
1.0000000000000000e+00
5.0000000000000000e-01
1.0000000000000000e+00
1.0000000000000000e+00
1.0000000000000000e+00
1.0000000000000000e+00
3.3333333333333331e-01
1.2500000000000000e-01
1.0000000000000000e+00
1.0000000000000000e+00
3.3333333333333331e-01
3.3333333333333331e-01
3.5714285714285712e-02
5.0000000000000000e-01
1.0000000000000000e+00
5.0000000000000000e-01
5.0000000000000000e-01
4.0000000000000001e-02
5.0000000000000000e-01
1.0000000000000000e+00
3.8461538461538464e-02
5.0000000000000000e-01
1.0000000000000000e+00
2.0000000000000001e-01
5.0000000000000000e-01
1.6666666666666666e-01
1.0000000000000000e+00
2.0000000000000001e-01
5.0000000000000000e-01
1.0000000000000000e+00
1.0000000000000000e+00
1.6666666666666666e-01
1.6666666666666666e-01
4.0000000000000001e-02
4.0000000000000001e-02
5.0000000000000000e-01
1.0000000000000000e+00
1.6666666666666666e-01
5.0000000000000000e-01
4.0000000000000001e-02
5.0000000000000000e-01
1.6666666666666666e-01
3.7037037037037035e-02
2.5000000000000000e-01
3.3333333333333331e-01
3.7037037037037035e-02
1.2500000000000000e-01
3.5714285714285712e-02
3.7037037037037035e-02
3.7037037037037035e-02
2.0000000000000001e-01
5.0000000000000000e-01
2.0000000000000001e-01
4.3478260869565216e-02
2.0000000000000001e-01
1.0000000000000000e+00
1.0000000000000000e+00
3.5714285714285712e-02
5.0000000000000000e-01
3.5714285714285712e-02
1.0000000000000000e+00
3.5714285714285712e-02
4.0000000000000001e-02
2.5000000000000000e-01
1.0000000000000000e+00
4.0000000000000001e-02
5.0000000000000000e-01
2.5000000000000000e-01
2.0000000000000001e-01
4.7619047619047616e-02
1.0000000000000000e+00
3.7037037037037035e-02
6.6666666666666666e-02
3.7037037037037035e-02
5.0000000000000000e-01
5.0000000000000000e-01
1.4285714285714285e-01
1.2500000000000000e-01
1.0000000000000000e+00
4.0000000000000001e-02
6.6666666666666666e-02
8.3333333333333329e-02
1.2500000000000000e-01
1.0000000000000000e+00
2.0000000000000001e-01
6.6666666666666666e-02
5.0000000000000000e-01
1.0000000000000000e+00
2.0000000000000001e-01
5.0000000000000000e-01
2.0000000000000001e-01
3.7037037037037035e-02
4.0000000000000001e-02
5.8823529411764705e-02
1.4285714285714285e-01
1.0000000000000000e+00
5.0000000000000000e-01
1.0000000000000000e+00
3.3333333333333331e-01
1.2500000000000000e-01
7.1428571428571425e-02
1.0000000000000000e+00
1.0000000000000000e+00
1.0000000000000000e+00
1.0000000000000000e+00
3.3333333333333331e-01
1.0000000000000000e+00
3.3333333333333331e-01
3.7037037037037035e-02
7.1428571428571425e-02
1.0000000000000000e+00
5.5555555555555552e-02
2.0000000000000001e-01
7.1428571428571425e-02
6.2500000000000000e-02
6.6666666666666666e-02
2.0000000000000001e-01
7.1428571428571425e-02
4.1666666666666664e-02
5.0000000000000000e-01
1.0000000000000000e+00
7.1428571428571425e-02
1.0000000000000000e+00
5.5555555555555552e-02
5.5555555555555552e-02
1.0000000000000000e+00
1.4285714285714285e-01
6.6666666666666666e-02
1.0000000000000000e+00
1.0000000000000000e+00
1.0000000000000000e+00
1.6666666666666666e-01
6.6666666666666666e-02
7.1428571428571425e-02
5.5555555555555552e-02
5.2631578947368418e-02
5.0000000000000000e-01
2.0000000000000001e-01
3.3333333333333331e-01
5.5555555555555552e-02
5.0000000000000000e-01
2.5000000000000000e-01
7.1428571428571425e-02
3.3333333333333331e-01
1.0000000000000000e+00
1.0000000000000000e+00
7.1428571428571425e-02
7.1428571428571425e-02
3.3333333333333331e-01
7.1428571428571425e-02
1.0000000000000000e+00
5.5555555555555552e-02
1.0000000000000000e+00
5.5555555555555552e-02
5.8823529411764705e-02
2.0000000000000001e-01
1.0000000000000000e+00
7.1428571428571425e-02
1.0000000000000000e+00
5.0000000000000000e-01
1.0000000000000000e+00
2.0000000000000001e-01
5.0000000000000000e-01
3.3333333333333331e-01
6.6666666666666666e-02
5.0000000000000000e-01
5.0000000000000000e-01
5.0000000000000000e-01
5.0000000000000000e-01
7.1428571428571425e-02
1.0000000000000000e+00
1.0000000000000000e+00
1.0000000000000000e+00
3.3333333333333331e-01
3.3333333333333331e-01
1.0000000000000000e+00
7.1428571428571425e-02
