4.4444444444444444e-03
1.2500000000000000e-01
2.0000000000000001e-01
1.1111111111111110e-01
1.1111111111111110e-01
1.1111111111111110e-01
1.1111111111111110e-01
4.0816326530612249e-03
4.0816326530612249e-03
3.3333333333333331e-01
3.3333333333333331e-01
4.4444444444444444e-03
4.1322314049586778e-03
4.1322314049586778e-03
4.0816326530612249e-03
4.1322314049586778e-03
4.1322314049586778e-03
4.1322314049586778e-03
4.1322314049586778e-03
4.1322314049586778e-03
4.1322314049586778e-03
4.1322314049586778e-03
4.0816326530612249e-03
4.0983606557377051e-03
4.1322314049586778e-03
4.1322314049586778e-03
4.1322314049586778e-03
4.1322314049586778e-03
4.1322314049586778e-03
4.1322314049586778e-03
4.1322314049586778e-03
4.1322314049586778e-03
4.0816326530612249e-03
4.0816326530612249e-03
4.1322314049586778e-03
4.1322314049586778e-03
4.1322314049586778e-03
4.0160642570281121e-03
4.1322314049586778e-03
4.0983606557377051e-03
4.1322314049586778e-03
4.1322314049586778e-03
4.1322314049586778e-03
4.1322314049586778e-03
4.1322314049586778e-03
4.1322314049586778e-03
4.1322314049586778e-03
4.1322314049586778e-03
4.1322314049586778e-03
4.1322314049586778e-03
4.1322314049586778e-03
4.1322314049586778e-03
4.1322314049586778e-03
4.1322314049586778e-03
4.0816326530612249e-03
4.1322314049586778e-03
4.1322314049586778e-03
4.1322314049586778e-03
4.1322314049586778e-03
4.1322314049586778e-03
4.1322314049586778e-03
4.1322314049586778e-03
4.1322314049586778e-03
4.0160642570281121e-03
4.1322314049586778e-03
4.1322314049586778e-03
4.0816326530612249e-03
4.1322314049586778e-03
4.1322314049586778e-03
4.1322314049586778e-03
4.1322314049586778e-03
4.0983606557377051e-03
4.1322314049586778e-03
4.1322314049586778e-03
4.1322314049586778e-03
4.1322314049586778e-03
4.1322314049586778e-03
4.1322314049586778e-03
4.0816326530612249e-03
4.1322314049586778e-03
4.1322314049586778e-03
4.1322314049586778e-03
4.1322314049586778e-03
4.1322314049586778e-03
4.1322314049586778e-03
4.1322314049586778e-03
4.1322314049586778e-03
4.1322314049586778e-03
4.0160642570281121e-03
4.1322314049586778e-03
4.0983606557377051e-03
4.1322314049586778e-03
4.0816326530612249e-03
4.1322314049586778e-03
4.1322314049586778e-03
4.1322314049586778e-03
4.0983606557377051e-03
4.0816326530612249e-03
4.1322314049586778e-03
4.0160642570281121e-03
4.0983606557377051e-03
4.1152263374485600e-03
4.1322314049586778e-03
4.1322314049586778e-03
4.1322314049586778e-03
4.0816326530612249e-03
4.0160642570281121e-03
4.1152263374485600e-03
4.1322314049586778e-03
4.1322314049586778e-03
4.1322314049586778e-03
4.1322314049586778e-03
4.1322314049586778e-03
4.1322314049586778e-03
4.1322314049586778e-03
4.1322314049586778e-03
4.0983606557377051e-03
4.1322314049586778e-03
4.1322314049586778e-03
4.1322314049586778e-03
4.1322314049586778e-03
4.1322314049586778e-03
4.1322314049586778e-03
4.1322314049586778e-03
4.1322314049586778e-03
4.0983606557377051e-03
4.1152263374485600e-03
4.1152263374485600e-03
4.1152263374485600e-03
4.1322314049586778e-03
4.1322314049586778e-03
4.1322314049586778e-03
4.1322314049586778e-03
4.0983606557377051e-03
4.1322314049586778e-03
4.1152263374485600e-03
4.0160642570281121e-03
4.1322314049586778e-03
4.1322314049586778e-03
4.1322314049586778e-03
4.1322314049586778e-03
4.1322314049586778e-03
4.1322314049586778e-03
4.1322314049586778e-03
4.1322314049586778e-03
4.1322314049586778e-03
4.0816326530612249e-03
4.0816326530612249e-03
4.1322314049586778e-03
4.1152263374485600e-03
4.1322314049586778e-03
4.0816326530612249e-03
4.0816326530612249e-03
4.1322314049586778e-03
4.0983606557377051e-03
4.0816326530612249e-03
4.1322314049586778e-03
4.1322314049586778e-03
4.1322314049586778e-03
4.1322314049586778e-03
4.1322314049586778e-03
4.1322314049586778e-03
4.1322314049586778e-03
4.1322314049586778e-03
4.1322314049586778e-03
4.1322314049586778e-03
4.1322314049586778e-03
4.1322314049586778e-03
4.1322314049586778e-03
4.1322314049586778e-03
4.1322314049586778e-03
4.1322314049586778e-03
4.1322314049586778e-03
4.1322314049586778e-03
4.1322314049586778e-03
4.1493775933609959e-03
4.1322314049586778e-03
4.0816326530612249e-03
4.1322314049586778e-03
4.2016806722689074e-03
4.0983606557377051e-03
4.1322314049586778e-03
4.1841004184100415e-03
4.2016806722689074e-03
4.2016806722689074e-03
4.2016806722689074e-03
4.1666666666666666e-03
4.2016806722689074e-03
4.2372881355932203e-03
4.1493775933609959e-03
4.3478260869565218e-03
4.2016806722689074e-03
4.1493775933609959e-03
4.1493775933609959e-03
4.1493775933609959e-03
4.2016806722689074e-03
4.2016806722689074e-03
4.2372881355932203e-03
4.2372881355932203e-03
4.3668122270742356e-03
4.4444444444444444e-03
4.9504950495049506e-03
4.2372881355932203e-03
4.2372881355932203e-03
4.2372881355932203e-03
4.2372881355932203e-03
4.2372881355932203e-03
4.2372881355932203e-03
4.2372881355932203e-03
4.1666666666666666e-03
4.2735042735042739e-03
4.2372881355932203e-03
4.1666666666666666e-03
4.3290043290043290e-03
4.2372881355932203e-03
4.2372881355932203e-03
4.2372881355932203e-03
4.2372881355932203e-03
4.2372881355932203e-03
4.1666666666666666e-03
4.1666666666666666e-03
4.1841004184100415e-03
4.2372881355932203e-03
4.1841004184100415e-03
4.3290043290043290e-03
4.2918454935622317e-03
4.2016806722689074e-03
4.2918454935622317e-03
4.2372881355932203e-03
4.3668122270742356e-03
4.2372881355932203e-03
4.2372881355932203e-03
4.2372881355932203e-03
4.2372881355932203e-03
4.3290043290043290e-03
4.3859649122807015e-03
4.4444444444444444e-03
4.9751243781094526e-03
4.4444444444444444e-03
4.3859649122807015e-03
4.3859649122807015e-03
4.1841004184100415e-03
4.3859649122807015e-03
4.3859649122807015e-03
4.2194092827004216e-03
1.0000000000000000e+00
1.7857142857142856e-02
5.5865921787709499e-03
3.2258064516129031e-02
1.7857142857142856e-02
5.5555555555555552e-02
5.0505050505050509e-03
5.8139534883720929e-03
4.3478260869565216e-02
5.8823529411764705e-02
5.5555555555555558e-03
6.2500000000000000e-02
5.5555555555555558e-03
3.8461538461538464e-02
3.8461538461538464e-02
5.5555555555555552e-02
3.7037037037037035e-02
3.2258064516129031e-02
3.7037037037037035e-02
5.0000000000000000e-01
2.0000000000000001e-01
6.2500000000000000e-02
2.5000000000000000e-01
2.0000000000000001e-01
5.8823529411764705e-02
4.7619047619047616e-02
1.2500000000000000e-01
9.0909090909090912e-02
9.0909090909090912e-02
5.5555555555555552e-02
6.2500000000000000e-02
5.8823529411764705e-02
2.5000000000000000e-01
2.3255813953488372e-02
2.0000000000000001e-01
5.0000000000000000e-01
8.3333333333333329e-02
2.5000000000000000e-01
4.3478260869565216e-02
3.2258064516129031e-02
1.0000000000000000e+00
5.0000000000000000e-01
3.3333333333333331e-01
5.0000000000000000e-01
5.2631578947368418e-02
1.0000000000000000e+00
5.0000000000000000e-01
5.0000000000000000e-01
3.8461538461538464e-02
9.0909090909090912e-02
2.0000000000000001e-01
3.5714285714285712e-02
9.0909090909090912e-02
5.2631578947368418e-02
3.3333333333333331e-01
1.2500000000000000e-01
4.0000000000000001e-02
6.2500000000000000e-02
4.5454545454545456e-02
2.5000000000000000e-01
5.0000000000000000e-01
3.1250000000000000e-02
5.8823529411764705e-02
1.0000000000000000e+00
2.5000000000000000e-01
3.3333333333333333e-02
5.0000000000000000e-01
3.3333333333333331e-01
8.3333333333333329e-02
3.2258064516129031e-02
5.0000000000000000e-01
3.2258064516129031e-02
6.6666666666666666e-02
3.2258064516129031e-02
4.0000000000000001e-02
4.5454545454545456e-02
3.2258064516129031e-02
9.0909090909090912e-02
3.2258064516129031e-02
5.0000000000000003e-02
1.2500000000000000e-01
9.0909090909090912e-02
1.2500000000000000e-01
3.2258064516129031e-02
3.2258064516129031e-02
4.7619047619047616e-02
2.0000000000000001e-01
3.4482758620689655e-02
5.8823529411764705e-02
1.2500000000000000e-01
1.1111111111111110e-01
1.2500000000000000e-01
2.5000000000000000e-01
1.0000000000000000e+00
4.1666666666666664e-02
1.6666666666666666e-01
9.0909090909090912e-02
2.0000000000000001e-01
5.2631578947368418e-02
1.2500000000000000e-01
1.1111111111111110e-01
1.2500000000000000e-01
4.3478260869565216e-02
1.4285714285714285e-01
1.2500000000000000e-01
1.6666666666666666e-01
1.2500000000000000e-01
1.4285714285714285e-01
1.2500000000000000e-01
4.0000000000000001e-02
3.3333333333333331e-01
1.0000000000000001e-01
1.4285714285714285e-01
7.1428571428571425e-02
2.5000000000000000e-01
4.0000000000000001e-02
3.3333333333333331e-01
1.6666666666666666e-01
9.0909090909090912e-02
2.5000000000000000e-01
1.2500000000000000e-01
2.0000000000000001e-01
5.0000000000000000e-01
9.0909090909090912e-02
2.5000000000000000e-01
2.5000000000000000e-01
7.6923076923076927e-02
2.5000000000000000e-01
1.6666666666666666e-01
2.5000000000000000e-01
2.5000000000000000e-01
1.6666666666666666e-01
1.6666666666666666e-01
4.1666666666666664e-02
4.1666666666666664e-02
4.1666666666666664e-02
9.0909090909090912e-02
1.6666666666666666e-01
3.3333333333333331e-01
1.6666666666666666e-01
5.0000000000000000e-01
4.1666666666666664e-02
5.0000000000000000e-01
4.1666666666666664e-02
4.7619047619047616e-02
4.1666666666666664e-02
4.7619047619047616e-02
4.1666666666666664e-02
4.1666666666666664e-02
4.7619047619047616e-02
9.0909090909090912e-02
1.1111111111111110e-01
4.7619047619047616e-02
4.1666666666666664e-02
5.0000000000000000e-01
1.4285714285714285e-01
4.1666666666666664e-02
1.0000000000000000e+00
4.1666666666666664e-02
4.1666666666666664e-02
4.1666666666666664e-02
4.1666666666666664e-02
1.0000000000000001e-01
1.0000000000000000e+00
5.0000000000000003e-02
1.0000000000000001e-01
1.4285714285714285e-01
4.0000000000000001e-02
4.1666666666666664e-02
4.0000000000000001e-02
2.5000000000000000e-01
2.5000000000000000e-01
3.3333333333333331e-01
2.5000000000000000e-01
4.1666666666666664e-02
5.0000000000000000e-01
1.0000000000000001e-01
1.4285714285714285e-01
1.4285714285714285e-01
1.0000000000000000e+00
5.0000000000000000e-01
2.5000000000000000e-01
5.0000000000000000e-01
4.1666666666666664e-02
4.1666666666666664e-02
2.5000000000000000e-01
3.3333333333333331e-01
4.0000000000000001e-02
5.0000000000000003e-02
3.3333333333333331e-01
1.0000000000000001e-01
1.0000000000000001e-01
5.0000000000000000e-01
4.0000000000000001e-02
9.0909090909090912e-02
5.0000000000000000e-01
4.5454545454545456e-02
1.1111111111111110e-01
5.0000000000000000e-01
3.3333333333333331e-01
3.3333333333333331e-01
1.0000000000000000e+00
4.1666666666666664e-02
1.0000000000000000e+00
1.0000000000000000e+00
3.3333333333333331e-01
2.5000000000000000e-01
9.0909090909090912e-02
4.7619047619047616e-02
1.6666666666666666e-01
2.0000000000000001e-01
1.6666666666666666e-01
2.5000000000000000e-01
2.5000000000000000e-01
5.0000000000000000e-01
2.5000000000000000e-01
5.0000000000000003e-02
1.0000000000000000e+00
5.0000000000000003e-02
2.0000000000000001e-01
2.5000000000000000e-01
3.3333333333333331e-01
3.3333333333333331e-01
1.0000000000000000e+00
5.0000000000000000e-01
5.0000000000000000e-01
5.0000000000000000e-01
2.0000000000000001e-01
5.0000000000000000e-01
1.0000000000000000e+00
2.0000000000000001e-01
1.0000000000000000e+00
5.0000000000000000e-01
5.0000000000000000e-01
2.5000000000000000e-01
2.5000000000000000e-01
1.0000000000000000e+00
1.0000000000000000e+00
1.0000000000000000e+00
5.0000000000000000e-01
2.5000000000000000e-01
3.3333333333333331e-01
1.0000000000000000e+00
3.3333333333333331e-01
3.3333333333333331e-01
1.0000000000000000e+00
1.0000000000000000e+00
1.0000000000000001e-01
2.5000000000000000e-01
2.5000000000000000e-01
5.0000000000000000e-01
1.0000000000000000e+00
1.2500000000000000e-01
5.0000000000000000e-01
1.0000000000000000e+00
1.0000000000000000e+00
1.0000000000000000e+00
1.0000000000000000e+00
5.0000000000000000e-01
2.5000000000000000e-01
5.0000000000000000e-01
1.0000000000000000e+00
2.5000000000000000e-01
2.5000000000000000e-01
2.5000000000000000e-01
1.0000000000000000e+00
1.4285714285714285e-01
2.5000000000000000e-01
1.0000000000000001e-01
3.3333333333333331e-01
1.0000000000000000e+00
1.6666666666666666e-01
1.0000000000000000e+00
1.0000000000000000e+00
1.2500000000000000e-01
1.0000000000000000e+00
1.4285714285714285e-01
2.5000000000000000e-01
1.0000000000000000e+00
2.5000000000000000e-01
2.5000000000000000e-01
1.0000000000000000e+00
2.0000000000000001e-01
1.0000000000000000e+00
2.5000000000000000e-01
1.4285714285714285e-01
2.5000000000000000e-01
1.6666666666666666e-01
3.3333333333333331e-01
2.5000000000000000e-01
9.0909090909090912e-02
1.4285714285714285e-01
9.0909090909090912e-02
5.0000000000000000e-01
1.4285714285714285e-01
1.0000000000000000e+00
5.0000000000000000e-01
5.0000000000000000e-01
5.0000000000000000e-01
1.0000000000000000e+00
5.0000000000000000e-01
1.4285714285714285e-01
1.4285714285714285e-01
2.5000000000000000e-01
1.6666666666666666e-01
5.0000000000000000e-01
1.0000000000000000e+00
1.0000000000000000e+00
2.5000000000000000e-01
1.0000000000000000e+00
1.6666666666666666e-01
1.2500000000000000e-01
2.5000000000000000e-01
1.4285714285714285e-01
1.4285714285714285e-01
5.0000000000000000e-01
2.0000000000000001e-01
5.0000000000000000e-01
3.3333333333333331e-01
1.4285714285714285e-01
1.4285714285714285e-01
5.0000000000000000e-01
1.0000000000000000e+00
1.4285714285714285e-01
1.0000000000000000e+00
2.5000000000000000e-01
1.0000000000000000e+00
1.0000000000000000e+00
2.5000000000000000e-01
1.0000000000000000e+00
1.0000000000000000e+00
5.0000000000000000e-01
3.3333333333333331e-01
1.0000000000000000e+00
2.0000000000000001e-01
5.0000000000000000e-01
1.2820512820512820e-02
1.0000000000000000e+00
5.0000000000000000e-01
2.5000000000000000e-01
5.0000000000000000e-01
2.5000000000000000e-01
2.5000000000000000e-01
5.0000000000000000e-01
5.0000000000000000e-01
1.2500000000000001e-02
5.0000000000000000e-01
3.3333333333333331e-01
1.0000000000000001e-01
1.0000000000000000e+00
1.0000000000000000e+00
1.4285714285714285e-01
4.0000000000000001e-02
1.0000000000000000e+00
2.0000000000000001e-01
5.0000000000000000e-01
1.0000000000000000e+00
5.0000000000000000e-01
2.5000000000000000e-01
1.0000000000000000e+00
3.3333333333333331e-01
1.2500000000000000e-01
2.5000000000000000e-01
5.0000000000000000e-01
1.0000000000000000e+00
2.5000000000000000e-01
1.0000000000000000e+00
1.0000000000000000e+00
5.0000000000000000e-01
2.0000000000000001e-01
1.2195121951219513e-02
1.0000000000000000e+00
1.6666666666666666e-01
1.0000000000000000e+00
3.3333333333333331e-01
1.0000000000000000e+00
1.0000000000000001e-01
2.0000000000000001e-01
2.0000000000000001e-01
1.2500000000000001e-02
1.0000000000000000e+00
3.3333333333333331e-01
1.0000000000000000e+00
5.0000000000000000e-01
1.0000000000000001e-01
1.0000000000000000e+00
3.3333333333333331e-01
3.3333333333333331e-01
2.0000000000000001e-01
1.0000000000000000e+00
2.0000000000000001e-01
2.5000000000000000e-01
2.0000000000000001e-01
1.0000000000000000e+00
1.0000000000000000e+00
1.2500000000000001e-02
2.0000000000000001e-01
1.2500000000000001e-02
1.0000000000000000e+00
1.2500000000000001e-02
1.0000000000000000e+00
2.0000000000000001e-01
1.2345679012345678e-02
1.0000000000000000e+00
2.5000000000000000e-01
1.0000000000000000e+00
1.2658227848101266e-02
5.0000000000000000e-01
1.0000000000000001e-01
1.2345679012345678e-02
1.0000000000000000e+00
1.0000000000000000e+00
1.2987012987012988e-02
1.2500000000000001e-02
1.2500000000000001e-02
1.2658227848101266e-02
1.2500000000000001e-02
2.5000000000000000e-01
5.0000000000000000e-01
1.2658227848101266e-02
1.2658227848101266e-02
1.3888888888888888e-02
1.0000000000000000e+00
8.3333333333333329e-02
8.3333333333333329e-02
1.0000000000000000e+00
1.1111111111111110e-01
4.0000000000000001e-02
1.0000000000000000e+00
3.3333333333333331e-01
1.2658227848101266e-02
5.0000000000000000e-01
1.2658227848101266e-02
1.2658227848101266e-02
1.0000000000000000e+00
5.0000000000000000e-01
1.0000000000000000e+00
1.2345679012345678e-02
5.0000000000000000e-01
1.2658227848101266e-02
1.2658227848101266e-02
1.2658227848101266e-02
1.2658227848101266e-02
1.2658227848101266e-02
1.2658227848101266e-02
1.2658227848101266e-02
1.2658227848101266e-02
1.2658227848101266e-02
3.7037037037037035e-02
1.2195121951219513e-02
1.2820512820512820e-02
1.2820512820512820e-02
1.2820512820512820e-02
1.0000000000000001e-01
4.0000000000000001e-02
1.2658227848101266e-02
1.0000000000000000e+00
1.2658227848101266e-02
1.2820512820512820e-02
1.2658227848101266e-02
4.0000000000000001e-02
1.2658227848101266e-02
1.2658227848101266e-02
1.2820512820512820e-02
1.2820512820512820e-02
1.2500000000000001e-02
1.2500000000000001e-02
1.2195121951219513e-02
1.2195121951219513e-02
1.2820512820512820e-02
2.5000000000000000e-01
1.2345679012345678e-02
1.2658227848101266e-02
4.0000000000000001e-02
3.7037037037037035e-02
1.2195121951219513e-02
1.2820512820512820e-02
1.2658227848101266e-02
1.2345679012345678e-02
3.7037037037037035e-02
1.2195121951219513e-02
4.0000000000000001e-02
1.2195121951219513e-02
1.2658227848101266e-02
3.3333333333333331e-01
3.3333333333333331e-01
1.1111111111111110e-01
7.6923076923076927e-02
1.2195121951219513e-02
1.1904761904761904e-02
1.2820512820512820e-02
4.0000000000000001e-02
1.0000000000000000e+00
1.3333333333333334e-02
2.0000000000000001e-01
2.0000000000000001e-01
3.3333333333333331e-01
1.2500000000000001e-02
2.5000000000000000e-01
5.0000000000000003e-02
1.2820512820512820e-02
5.0000000000000000e-01
9.0909090909090912e-02
2.0000000000000001e-01
1.0000000000000000e+00
7.1428571428571425e-02
9.0909090909090912e-02
3.3333333333333331e-01
1.0000000000000000e+00
1.2500000000000000e-01
5.0000000000000000e-01
5.0000000000000000e-01
1.2658227848101266e-02
2.5000000000000000e-01
2.4390243902439025e-02
1.0000000000000000e+00
1.2658227848101266e-02
5.0000000000000000e-01
1.0000000000000000e+00
1.0000000000000000e+00
3.3333333333333331e-01
3.3333333333333331e-01
3.3333333333333331e-01
1.2500000000000000e-01
1.0000000000000000e+00
7.6923076923076927e-02
3.3333333333333331e-01
8.3333333333333329e-02
2.5000000000000000e-01
4.0000000000000001e-02
2.0000000000000001e-01
1.0000000000000000e+00
1.2195121951219513e-02
4.0000000000000001e-02
1.5151515151515152e-02
1.0000000000000000e+00
3.3333333333333331e-01
2.0000000000000001e-01
1.2658227848101266e-02
1.2195121951219513e-02
5.0000000000000000e-01
4.1666666666666664e-02
1.2500000000000001e-02
2.0000000000000001e-01
1.2195121951219513e-02
1.2195121951219513e-02
1.2820512820512820e-02
1.0000000000000000e+00
1.0000000000000000e+00
5.0000000000000000e-01
1.0000000000000000e+00
1.0000000000000000e+00
2.0000000000000001e-01
1.2345679012345678e-02
5.0000000000000000e-01
4.0000000000000001e-02
1.2500000000000000e-01
1.2658227848101266e-02
4.0000000000000001e-02
1.1904761904761904e-02
1.0000000000000000e+00
2.5000000000000000e-01
4.0000000000000001e-02
1.0000000000000000e+00
1.0000000000000000e+00
1.2500000000000000e-01
4.0000000000000001e-02
3.3333333333333331e-01
1.2500000000000000e-01
5.0000000000000000e-01
1.2195121951219513e-02
1.0000000000000000e+00
4.0000000000000001e-02
4.0000000000000001e-02
1.0000000000000000e+00
2.5000000000000000e-01
1.0000000000000000e+00
1.2987012987012988e-02
4.1666666666666664e-02
2.5000000000000000e-01
1.1111111111111110e-01
5.0000000000000000e-01
2.5000000000000000e-01
5.0000000000000000e-01
4.0000000000000001e-02
4.0000000000000001e-02
3.3333333333333331e-01
4.0000000000000001e-02
1.0000000000000000e+00
5.0000000000000000e-01
1.2500000000000000e-01
2.5000000000000000e-01
1.0000000000000000e+00
1.0000000000000000e+00
1.2048192771084338e-02
4.0000000000000001e-02
4.0000000000000001e-02
1.0000000000000000e+00
1.0000000000000000e+00
1.2500000000000000e-01
1.0000000000000000e+00
4.0000000000000001e-02
1.2500000000000000e-01
