1.4285714285714285e-01
5.0000000000000000e-01
5.0000000000000000e-01
5.0000000000000000e-01
5.0000000000000000e-01
5.0000000000000000e-01
5.0000000000000000e-01
5.0000000000000000e-01
5.0000000000000000e-01
5.0000000000000000e-01
5.0000000000000000e-01
5.0000000000000000e-01
5.0000000000000000e-01
2.5000000000000000e-01
2.0000000000000001e-01
2.5000000000000000e-01
2.0000000000000001e-01
1.0000000000000000e+00
1.0000000000000000e+00
1.0000000000000000e+00
1.0000000000000000e+00
1.0000000000000000e+00
1.0000000000000000e+00
1.0000000000000000e+00
1.0000000000000000e+00
1.0000000000000000e+00
1.0000000000000000e+00
1.0000000000000000e+00
1.0000000000000000e+00
1.0000000000000000e+00
1.0000000000000000e+00
1.0000000000000000e+00
1.0000000000000000e+00
5.0000000000000000e-01
5.0000000000000000e-01
1.0000000000000000e+00
1.0000000000000000e+00
2.5000000000000000e-01
1.4285714285714285e-01
1.6666666666666666e-01
1.6666666666666666e-01
2.5000000000000000e-01
1.0000000000000000e+00
1.0000000000000000e+00
1.0000000000000000e+00
1.0000000000000000e+00
2.5000000000000000e-01
1.4285714285714285e-01
1.6666666666666666e-01
1.6666666666666666e-01
2.5000000000000000e-01
1.0000000000000000e+00
1.0000000000000000e+00
1.0000000000000000e+00
1.0000000000000000e+00
1.0000000000000000e+00
1.0000000000000000e+00
1.0000000000000000e+00
1.0000000000000000e+00
1.0000000000000000e+00
1.0000000000000000e+00
5.0000000000000000e-01
5.0000000000000000e-01
1.0000000000000000e+00
2.0000000000000001e-01
3.5714285714285712e-02
2.0000000000000001e-01
5.0000000000000000e-01
5.0000000000000000e-01
3.3333333333333331e-01
3.3333333333333331e-01
1.0000000000000000e+00
1.0000000000000000e+00
1.0000000000000000e+00
1.0000000000000000e+00
1.0000000000000000e+00
1.0000000000000000e+00
3.3333333333333331e-01
3.3333333333333331e-01
5.0000000000000000e-01
2.5000000000000000e-01
2.0000000000000001e-01
2.5000000000000000e-01
2.0000000000000001e-01
5.2631578947368418e-02
8.3333333333333329e-02
6.6666666666666666e-02
8.3333333333333329e-02
1.0000000000000000e+00
1.0000000000000000e+00
1.0000000000000000e+00
1.0000000000000000e+00
1.0000000000000000e+00
1.0000000000000000e+00
1.0000000000000000e+00
1.0000000000000000e+00
1.0000000000000000e+00
1.0000000000000000e+00
1.0000000000000000e+00
1.0000000000000000e+00
1.0000000000000000e+00
1.4285714285714285e-01
2.0000000000000001e-01
2.5000000000000000e-01
1.6666666666666666e-01
3.3333333333333331e-01
3.3333333333333331e-01
1.0000000000000000e+00
1.0000000000000000e+00
5.0000000000000000e-01
5.0000000000000000e-01
5.0000000000000000e-01
5.0000000000000000e-01
2.5000000000000000e-01
1.0000000000000000e+00
1.0000000000000000e+00
1.0000000000000000e+00
5.0000000000000000e-01
5.0000000000000000e-01
1.0000000000000000e+00
1.0000000000000000e+00
6.2500000000000000e-02
1.2500000000000000e-01
5.0000000000000003e-02
9.0909090909090912e-02
3.3333333333333331e-01
1.0000000000000000e+00
1.0000000000000000e+00
1.0000000000000000e+00
1.0000000000000000e+00
1.0000000000000000e+00
1.0000000000000000e+00
1.0000000000000000e+00
1.0000000000000000e+00
1.0000000000000000e+00
1.0000000000000000e+00
3.3333333333333331e-01
1.0000000000000000e+00
5.0000000000000003e-02
6.6666666666666666e-02
6.6666666666666666e-02
1.0000000000000000e+00
1.0000000000000000e+00
1.0000000000000000e+00
1.0000000000000000e+00
1.0000000000000000e+00
1.0000000000000000e+00
1.0000000000000000e+00
1.0000000000000000e+00
1.0000000000000000e+00
1.0000000000000000e+00
1.0000000000000000e+00
1.0000000000000000e+00
2.5000000000000000e-01
2.5000000000000000e-01
1.0000000000000000e+00
9.0909090909090912e-02
1.0000000000000000e+00
1.0000000000000000e+00
1.0000000000000000e+00
1.0000000000000000e+00
1.0000000000000000e+00
1.0000000000000000e+00
1.0000000000000000e+00
2.5000000000000000e-01
3.3333333333333331e-01
2.5000000000000000e-01
2.5000000000000000e-01
1.1111111111111110e-01
2.0000000000000001e-01
8.3333333333333329e-02
2.0000000000000001e-01
5.0000000000000000e-01
7.6923076923076927e-02
5.0000000000000000e-01
2.5000000000000000e-01
1.0000000000000000e+00
1.0000000000000000e+00
1.0000000000000000e+00
1.0000000000000000e+00
1.0000000000000000e+00
1.0000000000000000e+00
5.0000000000000000e-01
5.0000000000000000e-01
1.0000000000000000e+00
1.0000000000000000e+00
6.6666666666666666e-02
6.6666666666666666e-02
6.6666666666666666e-02
2.0000000000000001e-01
2.5000000000000000e-01
3.3333333333333331e-01
5.0000000000000000e-01
1.0000000000000000e+00
1.0000000000000000e+00
1.0000000000000000e+00
2.0000000000000001e-01
2.5000000000000000e-01
2.5000000000000000e-01
3.3333333333333331e-01
1.0000000000000000e+00
1.0000000000000000e+00
3.0303030303030304e-02
3.3333333333333331e-01
5.0000000000000000e-01
1.0000000000000000e+00
1.0000000000000000e+00
1.0000000000000000e+00
1.4285714285714285e-01
2.5000000000000000e-01
2.5000000000000000e-01
2.0000000000000001e-01
2.5000000000000000e-01
3.3333333333333331e-01
3.3333333333333331e-01
1.0000000000000000e+00
1.0000000000000000e+00
5.0000000000000000e-01
5.0000000000000000e-01
1.1111111111111110e-01
2.0000000000000001e-01
1.1111111111111110e-01
1.0000000000000000e+00
1.0000000000000000e+00
1.0000000000000000e+00
1.0000000000000000e+00
1.0000000000000000e+00
1.4285714285714285e-01
1.0000000000000000e+00
1.0000000000000000e+00
1.0000000000000000e+00
2.0000000000000001e-01
1.0000000000000000e+00
1.0000000000000000e+00
1.0000000000000000e+00
5.0000000000000000e-01
1.0000000000000000e+00
7.6923076923076927e-02
5.0000000000000000e-01
3.3333333333333331e-01
1.0000000000000000e+00
1.0000000000000000e+00
5.0000000000000000e-01
5.0000000000000000e-01
3.3333333333333331e-01
3.3333333333333331e-01
1.0000000000000000e+00
1.0000000000000000e+00
3.3333333333333331e-01
3.3333333333333331e-01
2.0000000000000001e-01
2.5000000000000000e-01
1.0000000000000000e+00
1.0000000000000000e+00
1.0000000000000000e+00
1.0000000000000000e+00
1.0000000000000000e+00
1.0000000000000000e+00
1.4285714285714285e-01
1.4285714285714285e-01
1.0000000000000000e+00
1.0000000000000000e+00
1.0000000000000000e+00
1.0000000000000000e+00
1.4285714285714285e-01
1.4285714285714285e-01
1.0000000000000000e+00
2.0000000000000001e-01
1.0000000000000000e+00
3.3333333333333331e-01
2.0000000000000001e-01
5.0000000000000000e-01
2.0000000000000001e-01
5.0000000000000000e-01
1.0000000000000000e+00
1.0000000000000000e+00
2.5000000000000000e-01
1.0000000000000000e+00
1.0000000000000000e+00
1.0000000000000000e+00
1.0000000000000000e+00
1.0000000000000000e+00
3.3333333333333331e-01
3.3333333333333331e-01
5.0000000000000000e-01
5.0000000000000000e-01
1.0000000000000000e+00
5.0000000000000000e-01
5.0000000000000000e-01
1.0000000000000000e+00
1.0000000000000000e+00
1.0000000000000000e+00
1.0000000000000000e+00
4.3478260869565216e-02
1.6666666666666666e-01
1.6666666666666666e-01
5.0000000000000000e-01
5.0000000000000000e-01
1.4285714285714285e-01
1.0000000000000000e+00
3.3333333333333331e-01
1.0000000000000000e+00
1.0000000000000000e+00
4.3478260869565216e-02
2.0000000000000001e-01
1.6666666666666666e-01
1.0000000000000000e+00
1.0000000000000000e+00
3.2258064516129031e-02
5.0000000000000000e-01
5.0000000000000000e-01
5.0000000000000000e-01
1.0000000000000000e+00
5.0000000000000000e-01
1.0000000000000000e+00
3.5714285714285712e-02
5.0000000000000000e-01
2.5000000000000000e-01
1.0000000000000000e+00
1.0000000000000000e+00
1.0000000000000000e+00
5.0000000000000000e-01
1.0000000000000000e+00
1.0000000000000000e+00
5.0000000000000000e-01
1.0000000000000000e+00
1.0000000000000000e+00
1.0000000000000000e+00
1.0000000000000000e+00
3.3333333333333331e-01
5.0000000000000000e-01
5.0000000000000000e-01
5.0000000000000000e-01
5.0000000000000000e-01
1.0000000000000000e+00
1.0000000000000000e+00
1.0000000000000000e+00
1.0000000000000000e+00
1.0000000000000000e+00
1.0000000000000000e+00
1.0000000000000000e+00
1.0000000000000000e+00
1.0000000000000001e-01
3.3333333333333331e-01
1.0000000000000000e+00
6.2500000000000000e-02
6.6666666666666666e-02
1.0000000000000000e+00
1.0000000000000000e+00
1.0000000000000000e+00
1.0000000000000000e+00
1.0000000000000000e+00
1.1111111111111110e-01
1.0000000000000000e+00
1.0000000000000000e+00
3.0303030303030304e-02
2.5000000000000000e-01
1.0000000000000000e+00
5.0000000000000000e-01
5.0000000000000000e-01
1.0000000000000000e+00
1.0000000000000000e+00
5.0000000000000000e-01
5.0000000000000000e-01
1.0000000000000000e+00
1.0000000000000000e+00
5.0000000000000000e-01
5.0000000000000000e-01
5.0000000000000003e-02
6.6666666666666666e-02
2.5000000000000000e-01
1.0000000000000000e+00
2.5000000000000000e-01
1.0000000000000000e+00
1.0000000000000000e+00
1.0000000000000000e+00
5.0000000000000000e-01
5.0000000000000000e-01
1.0000000000000000e+00
1.0000000000000000e+00
1.0000000000000000e+00
1.0000000000000000e+00
1.0000000000000000e+00
1.0000000000000000e+00
1.0000000000000000e+00
5.0000000000000000e-01
5.0000000000000000e-01
5.0000000000000000e-01
2.0000000000000001e-01
1.0000000000000000e+00
1.0000000000000000e+00
2.0408163265306121e-02
1.0000000000000000e+00
5.0000000000000000e-01
1.0000000000000000e+00
1.0000000000000000e+00
1.0000000000000000e+00
5.0000000000000000e-01
1.0000000000000000e+00
3.3333333333333331e-01
1.2500000000000000e-01
5.2631578947368418e-02
5.0000000000000000e-01
5.0000000000000000e-01
0.0
0.0
5.0000000000000000e-01
5.0000000000000000e-01
1.0000000000000000e+00
1.0000000000000000e+00
2.5000000000000000e-01
5.5555555555555552e-02
2.5000000000000000e-01
5.0000000000000000e-01
3.3333333333333331e-01
3.7037037037037035e-02
4.7619047619047616e-02
1.0000000000000001e-01
5.0000000000000000e-01
5.0000000000000000e-01
5.0000000000000000e-01
5.2631578947368418e-02
8.3333333333333329e-02
1.1111111111111110e-01
3.3333333333333331e-01
3.3333333333333331e-01
3.3333333333333331e-01
1.0000000000000000e+00
1.0000000000000000e+00
1.0000000000000000e+00
1.0000000000000000e+00
1.0000000000000000e+00
1.7241379310344827e-02
5.2631578947368418e-02
8.3333333333333329e-02
3.3333333333333331e-01
3.3333333333333331e-01
1.0000000000000000e+00
1.0000000000000000e+00
7.6923076923076927e-02
1.0000000000000000e+00
1.0000000000000000e+00
1.0000000000000000e+00
1.0000000000000000e+00
3.3333333333333331e-01
1.0000000000000000e+00
6.2500000000000000e-02
1.0000000000000001e-01
1.0000000000000000e+00
1.0000000000000000e+00
6.2500000000000000e-02
1.0000000000000001e-01
2.0000000000000001e-01
3.3333333333333331e-01
5.2631578947368418e-02
8.3333333333333329e-02
5.0000000000000000e-01
3.7037037037037035e-02
2.5000000000000000e-01
3.3333333333333331e-01
1.6666666666666666e-01
9.0909090909090912e-02
1.0000000000000000e+00
1.0000000000000000e+00
1.0000000000000000e+00
1.1111111111111110e-01
1.0000000000000000e+00
1.5873015873015872e-02
5.8823529411764705e-02
1.0000000000000000e+00
1.0000000000000000e+00
2.7027027027027029e-02
2.5000000000000000e-01
1.6949152542372881e-02
5.0000000000000000e-01
1.0000000000000000e+00
1.0000000000000000e+00
1.0000000000000000e+00
1.4285714285714285e-01
8.3333333333333329e-02
5.2631578947368418e-02
1.6666666666666666e-01
5.0000000000000003e-02
1.0000000000000000e+00
3.3333333333333331e-01
1.0000000000000000e+00
1.4285714285714285e-01
1.0000000000000000e+00
5.0000000000000000e-01
1.6666666666666666e-01
1.0000000000000000e+00
1.0000000000000000e+00
1.0000000000000000e+00
5.0000000000000000e-01
5.0000000000000003e-02
1.0000000000000000e+00
1.0000000000000000e+00
1.0000000000000000e+00
5.0000000000000000e-01
5.0000000000000000e-01
5.0000000000000000e-01
1.0000000000000000e+00
3.3333333333333331e-01
5.0000000000000003e-02
3.3333333333333331e-01
5.0000000000000000e-01
5.0000000000000000e-01
5.0000000000000000e-01
5.0000000000000000e-01
6.6666666666666666e-02
1.0000000000000001e-01
1.0000000000000000e+00
4.3478260869565216e-02
1.0000000000000000e+00
1.0000000000000000e+00
1.0000000000000001e-01
3.3333333333333331e-01
5.0000000000000000e-01
7.1428571428571425e-02
7.6923076923076927e-02
5.0000000000000000e-01
3.3333333333333331e-01
3.3333333333333331e-01
2.0000000000000001e-01
1.0000000000000000e+00
1.0000000000000000e+00
1.0000000000000000e+00
3.2258064516129031e-02
3.3333333333333331e-01
1.0000000000000000e+00
1.0000000000000000e+00
1.2500000000000000e-01
5.0000000000000000e-01
5.0000000000000000e-01
1.4285714285714285e-01
1.0000000000000000e+00
1.0000000000000000e+00
1.0000000000000000e+00
1.6666666666666666e-01
1.0000000000000000e+00
1.0000000000000000e+00
1.4285714285714285e-01
1.0000000000000000e+00
2.5000000000000000e-01
3.3333333333333331e-01
1.0000000000000000e+00
6.6666666666666666e-02
5.0000000000000000e-01
8.3333333333333329e-02
5.0000000000000000e-01
1.0000000000000001e-01
5.0000000000000000e-01
2.5000000000000000e-01
3.3333333333333331e-01
2.0408163265306121e-02
5.0000000000000000e-01
2.5000000000000000e-01
5.0000000000000000e-01
3.3333333333333331e-01
5.2631578947368418e-02
5.2631578947368418e-02
1.6666666666666666e-01
2.9411764705882353e-02
1.0000000000000000e+00
1.6666666666666666e-01
3.3333333333333331e-01
4.0000000000000001e-02
1.0000000000000000e+00
2.5000000000000000e-01
2.9411764705882353e-02
5.0000000000000000e-01
1.0000000000000000e+00
1.4285714285714285e-01
1.0000000000000000e+00
1.0000000000000000e+00
7.1428571428571425e-02
3.3333333333333331e-01
5.2631578947368418e-02
5.0000000000000000e-01
1.0000000000000000e+00
2.5000000000000000e-01
2.3809523809523808e-02
5.0000000000000000e-01
3.3333333333333331e-01
3.3333333333333331e-01
1.0000000000000000e+00
7.6923076923076927e-02
7.1428571428571425e-02
1.0000000000000000e+00
1.6666666666666666e-01
6.6666666666666666e-02
7.1428571428571425e-02
6.2500000000000000e-02
7.6923076923076927e-02
2.5000000000000000e-01
1.0000000000000000e+00
2.5000000000000000e-01
1.0000000000000000e+00
1.0000000000000000e+00
1.0000000000000000e+00
1.0000000000000000e+00
1.6666666666666666e-01
2.0000000000000001e-01
1.0000000000000000e+00
4.3478260869565216e-02
1.4285714285714285e-01
3.3333333333333331e-01
2.0000000000000001e-01
5.0000000000000000e-01
5.0000000000000000e-01
1.0000000000000000e+00
1.0000000000000000e+00
1.0000000000000000e+00
5.0000000000000000e-01
5.0000000000000000e-01
1.0000000000000000e+00
5.5555555555555552e-02
7.1428571428571425e-02
5.0000000000000000e-01
2.5000000000000000e-01
2.5000000000000000e-01
1.0000000000000000e+00
1.0000000000000000e+00
5.0000000000000000e-01
1.0000000000000000e+00
7.1428571428571425e-02
7.1428571428571425e-02
6.2500000000000000e-02
1.0000000000000000e+00
1.1111111111111110e-01
2.0000000000000001e-01
2.0000000000000001e-01
3.1250000000000000e-02
2.5000000000000000e-01
5.0000000000000000e-01
8.3333333333333329e-02
1.0000000000000001e-01
1.0000000000000000e+00
1.0000000000000000e+00
6.6666666666666666e-02
4.7619047619047616e-02
1.0000000000000000e+00
5.0000000000000000e-01
1.0000000000000000e+00
1.0000000000000000e+00
3.0303030303030304e-02
5.0000000000000000e-01
1.0000000000000000e+00
1.0000000000000000e+00
3.3333333333333333e-02
2.0000000000000001e-01
1.0000000000000000e+00
1.0000000000000000e+00
1.0000000000000000e+00
1.0000000000000000e+00
1.0000000000000000e+00
1.4285714285714285e-01
1.0000000000000000e+00
3.3333333333333331e-01
2.5000000000000000e-01
5.0000000000000000e-01
1.2500000000000000e-01
1.0000000000000000e+00
3.3333333333333331e-01
9.0909090909090912e-02
4.7619047619047616e-02
3.3333333333333331e-01
3.3333333333333331e-01
5.2631578947368418e-02
1.2500000000000000e-01
5.0000000000000000e-01
1.0000000000000001e-01
9.0909090909090912e-02
5.0000000000000000e-01
5.0000000000000000e-01
1.6666666666666666e-01
5.0000000000000000e-01
1.0000000000000000e+00
2.5000000000000000e-01
9.0909090909090912e-02
2.0000000000000001e-01
1.0000000000000001e-01
9.0909090909090912e-02
4.0000000000000001e-02
1.0000000000000000e+00
5.0000000000000000e-01
1.0000000000000000e+00
5.0000000000000000e-01
1.0000000000000000e+00
1.0000000000000000e+00
1.0000000000000000e+00
2.5000000000000000e-01
7.1428571428571425e-02
3.3333333333333331e-01
1.0000000000000000e+00
1.4285714285714285e-01
2.5000000000000000e-01
3.3333333333333331e-01
3.3333333333333331e-01
2.0000000000000001e-01
1.0000000000000000e+00
2.5000000000000000e-01
2.5000000000000000e-01
3.3333333333333331e-01
1.6666666666666666e-01
1.0000000000000000e+00
1.0000000000000000e+00
1.1235955056179775e-02
7.1428571428571425e-02
1.0000000000000000e+00
5.2631578947368418e-02
1.4285714285714285e-01
1.0000000000000000e+00
1.6666666666666666e-01
5.0000000000000000e-01
1.0000000000000000e+00
2.5000000000000000e-01
1.0000000000000000e+00
1.0000000000000000e+00
1.1111111111111110e-01
1.2500000000000000e-01
1.0000000000000000e+00
1.0000000000000000e+00
1.0000000000000000e+00
1.0000000000000000e+00
4.5454545454545456e-02
1.1111111111111110e-01
5.0000000000000000e-01
5.0000000000000000e-01
1.1111111111111110e-01
5.0000000000000000e-01
7.6923076923076927e-02
1.0000000000000000e+00
5.0000000000000000e-01
1.4285714285714285e-01
1.0000000000000000e+00
1.0000000000000000e+00
1.0000000000000000e+00
1.4285714285714285e-01
3.3333333333333331e-01
2.5000000000000000e-01
1.0000000000000000e+00
1.8867924528301886e-02
1.0000000000000000e+00
1.0000000000000001e-01
1.6666666666666666e-01
1.2500000000000000e-01
9.0909090909090912e-02
1.0000000000000000e+00
1.0000000000000000e+00
1.1111111111111110e-01
1.0000000000000000e+00
1.0000000000000000e+00
3.5714285714285712e-02
5.0000000000000000e-01
1.0000000000000000e+00
5.0000000000000000e-01
1.0000000000000000e+00
1.0000000000000000e+00
3.3333333333333331e-01
2.0000000000000001e-01
3.3333333333333331e-01
1.2500000000000000e-01
2.5000000000000000e-01
5.0000000000000000e-01
5.0000000000000000e-01
1.1111111111111110e-01
1.2500000000000000e-01
7.6923076923076927e-02
1.0000000000000000e+00
1.0000000000000000e+00
2.3809523809523808e-02
5.0000000000000000e-01
3.3333333333333331e-01
1.0000000000000000e+00
2.0000000000000001e-01
1.4285714285714285e-01
1.0000000000000000e+00
1.0000000000000000e+00
1.4285714285714285e-01
1.0000000000000000e+00
1.6666666666666666e-01
5.0000000000000003e-02
2.5000000000000000e-01
2.5000000000000000e-01
2.5000000000000000e-01
4.7619047619047616e-02
5.0000000000000000e-01
1.0000000000000000e+00
1.4285714285714285e-01
3.3333333333333331e-01
7.6923076923076927e-02
5.0000000000000000e-01
1.0000000000000000e+00
6.2500000000000000e-02
1.0000000000000000e+00
1.0000000000000000e+00
5.0000000000000000e-01
1.6666666666666666e-01
5.0000000000000000e-01
5.0000000000000000e-01
1.0000000000000000e+00
2.5000000000000000e-01
3.3333333333333331e-01
1.0000000000000001e-01
3.3333333333333331e-01
3.3333333333333331e-01
2.0000000000000001e-01
5.0000000000000000e-01
3.3333333333333331e-01
1.0000000000000000e+00
1.2500000000000000e-01
1.0000000000000000e+00
1.0000000000000000e+00
1.0000000000000000e+00
1.0000000000000000e+00
1.0000000000000000e+00
1.6666666666666666e-01
1.0000000000000000e+00
1.0000000000000000e+00
5.0000000000000000e-01
5.0000000000000000e-01
1.4285714285714285e-01
1.6666666666666666e-01
1.0000000000000000e+00
1.2500000000000000e-01
1.0000000000000000e+00
1.1111111111111110e-01
1.6666666666666666e-01
7.1428571428571425e-02
5.0000000000000000e-01
5.0000000000000000e-01
1.2500000000000000e-01
1.0000000000000000e+00
1.0000000000000000e+00
9.0909090909090912e-02
5.0000000000000000e-01
5.0000000000000000e-01
1.0000000000000000e+00
1.1235955056179775e-02
1.0000000000000000e+00
1.1111111111111110e-01
1.0000000000000000e+00
5.0000000000000000e-01
1.2500000000000000e-01
1.0000000000000000e+00
2.0000000000000001e-01
2.0000000000000001e-01
2.6315789473684209e-02
1.0000000000000000e+00
1.0000000000000000e+00
1.0000000000000000e+00
1.0000000000000000e+00
3.4482758620689655e-02
2.7777777777777776e-02
7.6923076923076927e-02
9.0909090909090912e-02
1.0000000000000000e+00
5.0000000000000000e-01
1.0000000000000000e+00
1.0000000000000000e+00
1.0000000000000000e+00
5.0000000000000000e-01
3.1250000000000000e-02
5.0000000000000000e-01
3.3333333333333331e-01
1.1111111111111110e-01
4.0000000000000001e-02
2.9411764705882353e-02
1.0000000000000001e-01
4.0000000000000001e-02
5.0000000000000000e-01
1.4285714285714285e-01
8.3333333333333329e-02
1.0000000000000001e-01
3.0303030303030304e-02
1.0000000000000000e+00
9.0909090909090912e-02
2.5000000000000000e-01
2.2222222222222223e-02
5.0000000000000000e-01
1.0000000000000000e+00
5.0000000000000000e-01
1.6666666666666666e-01
6.2500000000000000e-02
1.0000000000000000e+00
1.0000000000000000e+00
1.0000000000000000e+00
0.0
1.0000000000000000e+00
1.0000000000000000e+00
1.0000000000000000e+00
1.0000000000000000e+00
5.0000000000000000e-01
3.0303030303030304e-02
1.4285714285714285e-01
5.0000000000000000e-01
5.0000000000000000e-01
3.3333333333333331e-01
1.6666666666666666e-01
1.4285714285714285e-01
3.3333333333333331e-01
1.5384615384615385e-02
1.0000000000000000e+00
1.0000000000000000e+00
1.6666666666666666e-01
6.6666666666666666e-02
1.0000000000000000e+00
2.5641025641025640e-02
1.2500000000000000e-01
2.5641025641025640e-02
2.5641025641025640e-02
1.4285714285714285e-01
1.0000000000000000e+00
5.0000000000000000e-01
1.0000000000000000e+00
3.8461538461538464e-02
1.0000000000000000e+00
1.0000000000000000e+00
1.0000000000000001e-01
1.4285714285714285e-01
3.3333333333333331e-01
1.0000000000000000e+00
1.1111111111111110e-01
1.0000000000000000e+00
1.0000000000000000e+00
2.0000000000000001e-01
4.3478260869565216e-02
4.3478260869565216e-02
3.3333333333333331e-01
3.3333333333333331e-01
5.0000000000000000e-01
1.2500000000000000e-01
1.2500000000000000e-01
1.6666666666666666e-01
2.0000000000000001e-01
3.3333333333333331e-01
1.0000000000000000e+00
1.0000000000000000e+00
1.0000000000000000e+00
6.6666666666666666e-02
1.4285714285714285e-01
8.3333333333333329e-02
8.3333333333333329e-02
1.6666666666666666e-01
4.3478260869565216e-02
5.0000000000000000e-01
2.7777777777777776e-02
1.0000000000000001e-01
1.0000000000000000e+00
1.0000000000000000e+00
2.0000000000000001e-01
3.3333333333333331e-01
1.0000000000000000e+00
1.0000000000000000e+00
1.0000000000000000e+00
7.1428571428571425e-02
2.1739130434782608e-02
1.0000000000000000e+00
1.0000000000000000e+00
3.3333333333333331e-01
1.0000000000000000e+00
8.3333333333333329e-02
1.0000000000000000e+00
1.0000000000000000e+00
1.0000000000000000e+00
1.1111111111111110e-01
1.0000000000000000e+00
2.5000000000000000e-01
1.0000000000000000e+00
1.0000000000000000e+00
0.0
1.0000000000000000e+00
1.0000000000000000e+00
1.6666666666666666e-01
1.0000000000000000e+00
5.0000000000000000e-01
1.0000000000000000e+00
8.3333333333333329e-02
8.3333333333333329e-02
4.1666666666666664e-02
3.3333333333333331e-01
6.6666666666666666e-02
1.4285714285714285e-01
6.2500000000000000e-02
1.0000000000000000e+00
1.0000000000000000e+00
1.6666666666666666e-01
2.0000000000000001e-01
5.0000000000000000e-01
1.1111111111111110e-01
4.7619047619047616e-02
2.5000000000000000e-01
1.0000000000000000e+00
1.1111111111111110e-01
1.0000000000000000e+00
8.3333333333333329e-02
9.0909090909090912e-02
4.0000000000000001e-02
2.2222222222222223e-02
9.0909090909090912e-02
1.6666666666666666e-01
1.6666666666666666e-01
1.0000000000000000e+00
2.7027027027027029e-02
1.0000000000000000e+00
2.8571428571428571e-02
1.6666666666666666e-01
1.0000000000000000e+00
5.0000000000000003e-02
5.0000000000000000e-01
1.0000000000000000e+00
1.6666666666666666e-01
1.0000000000000000e+00
2.5000000000000000e-01
9.0909090909090912e-02
9.0909090909090912e-02
1.0000000000000000e+00
1.0000000000000000e+00
1.2500000000000000e-01
4.7619047619047616e-02
3.3333333333333331e-01
4.7619047619047616e-02
8.3333333333333329e-02
1.0000000000000000e+00
1.2500000000000000e-01
1.4285714285714285e-01
2.0000000000000001e-01
1.0000000000000000e+00
1.2500000000000000e-01
1.1111111111111110e-01
5.8823529411764705e-02
4.0000000000000001e-02
1.2048192771084338e-02
2.5000000000000000e-01
3.3333333333333331e-01
1.0000000000000000e+00
1.0000000000000000e+00
1.0000000000000000e+00
3.8461538461538464e-02
3.3333333333333331e-01
5.0000000000000000e-01
1.0000000000000000e+00
2.0000000000000001e-01
1.0000000000000000e+00
6.2500000000000000e-02
9.0909090909090912e-02
1.6666666666666666e-01
1.0000000000000000e+00
5.0000000000000000e-01
3.3333333333333331e-01
1.1494252873563218e-02
1.0000000000000000e+00
4.1666666666666664e-02
2.5000000000000000e-01
3.2258064516129031e-02
1.0000000000000000e+00
1.0000000000000000e+00
4.0000000000000001e-02
1.4285714285714285e-01
5.0000000000000000e-01
5.5555555555555552e-02
7.6923076923076927e-02
4.1666666666666664e-02
6.2500000000000000e-02
1.6666666666666666e-01
8.3333333333333329e-02
1.0000000000000000e+00
1.0000000000000000e+00
2.5000000000000000e-01
9.0909090909090912e-02
9.0909090909090912e-02
4.1666666666666664e-02
8.3333333333333329e-02
5.0000000000000000e-01
2.0000000000000001e-01
5.0000000000000000e-01
1.0000000000000000e+00
3.3333333333333331e-01
3.3333333333333331e-01
1.0000000000000000e+00
1.0000000000000000e+00
1.0000000000000000e+00
1.0000000000000000e+00
8.3333333333333329e-02
2.0000000000000001e-01
6.6666666666666666e-02
1.0000000000000000e+00
1.0000000000000000e+00
1.6666666666666666e-01
0.0
1.0000000000000000e+00
3.3333333333333331e-01
2.6315789473684209e-02
3.3333333333333331e-01
1.2500000000000000e-01
6.6666666666666666e-02
9.0909090909090912e-02
2.5000000000000000e-01
1.0000000000000000e+00
8.3333333333333329e-02
5.0000000000000000e-01
1.0000000000000000e+00
1.0000000000000000e+00
5.0000000000000000e-01
3.3333333333333331e-01
6.2500000000000000e-02
1.1111111111111110e-01
1.6666666666666666e-01
1.0000000000000000e+00
5.5555555555555552e-02
3.3333333333333331e-01
1.0000000000000000e+00
3.3333333333333331e-01
3.3333333333333331e-01
6.6666666666666666e-02
0.0
3.3333333333333331e-01
1.0000000000000000e+00
1.6666666666666666e-01
1.2500000000000000e-01
3.3333333333333331e-01
2.3255813953488372e-02
1.4285714285714285e-01
1.1111111111111110e-01
1.1111111111111110e-01
6.6666666666666666e-02
6.6666666666666666e-02
3.3333333333333331e-01
3.3333333333333331e-01
1.9607843137254902e-02
2.5000000000000000e-01
3.3333333333333331e-01
1.6666666666666666e-01
2.0000000000000001e-01
1.3888888888888888e-02
1.0000000000000000e+00
1.0000000000000000e+00
8.3333333333333329e-02
1.0000000000000000e+00
6.6666666666666666e-02
5.0000000000000000e-01
1.0000000000000000e+00
1.2500000000000000e-01
3.3333333333333331e-01
1.6666666666666666e-01
1.0000000000000000e+00
1.0000000000000000e+00
3.3333333333333331e-01
3.2258064516129031e-02
1.0000000000000000e+00
1.0000000000000000e+00
1.0000000000000000e+00
1.0000000000000000e+00
1.2500000000000000e-01
4.1666666666666664e-02
2.0000000000000001e-01
2.5000000000000000e-01
7.1428571428571425e-02
7.1428571428571425e-02
9.0909090909090912e-02
5.0000000000000000e-01
1.0000000000000000e+00
1.6666666666666666e-01
1.0000000000000000e+00
1.0000000000000000e+00
1.1111111111111110e-01
6.6666666666666666e-02
1.0000000000000000e+00
1.4285714285714285e-01
1.9607843137254902e-02
2.5000000000000000e-01
5.0000000000000000e-01
1.0000000000000000e+00
1.4285714285714285e-01
1.0000000000000000e+00
1.0000000000000000e+00
1.0000000000000000e+00
4.0000000000000001e-02
1.0000000000000000e+00
3.3333333333333331e-01
9.0909090909090912e-02
1.1111111111111110e-01
5.0000000000000000e-01
1.1111111111111110e-01
1.0000000000000000e+00
1.0000000000000000e+00
7.6923076923076927e-02
3.3333333333333333e-02
5.0000000000000000e-01
1.0000000000000000e+00
1.2500000000000000e-01
5.0000000000000000e-01
1.4285714285714285e-01
1.0000000000000000e+00
1.6666666666666666e-01
3.3333333333333331e-01
1.0000000000000000e+00
1.0000000000000000e+00
1.0000000000000000e+00
8.3333333333333329e-02
5.5555555555555552e-02
1.6666666666666666e-01
1.0000000000000000e+00
1.4925373134328358e-02
2.0000000000000001e-01
1.0000000000000000e+00
1.0000000000000000e+00
1.5151515151515152e-02
7.1428571428571425e-02
2.0000000000000001e-01
1.0000000000000000e+00
3.2258064516129031e-02
5.0000000000000000e-01
1.0000000000000000e+00
1.0000000000000000e+00
1.0000000000000000e+00
7.1428571428571425e-02
1.0000000000000000e+00
1.0000000000000000e+00
4.3478260869565216e-02
0.0
6.6666666666666666e-02
1.0000000000000000e+00
1.1111111111111110e-01
1.9607843137254902e-02
2.5000000000000000e-01
3.3333333333333331e-01
3.2258064516129031e-02
1.0000000000000000e+00
2.0408163265306121e-02
5.0000000000000000e-01
5.0000000000000003e-02
2.5000000000000000e-01
1.0000000000000000e+00
1.0000000000000000e+00
1.1111111111111110e-01
1.4285714285714285e-01
5.0000000000000000e-01
5.2631578947368418e-02
2.3255813953488372e-02
5.0000000000000000e-01
1.0000000000000001e-01
3.0303030303030304e-02
1.1111111111111110e-01
5.0000000000000000e-01
1.0000000000000000e+00
5.0000000000000000e-01
1.0000000000000000e+00
1.0000000000000000e+00
9.0909090909090912e-02
1.0000000000000000e+00
1.0000000000000000e+00
1.6666666666666666e-01
3.3333333333333331e-01
3.3333333333333331e-01
5.0000000000000000e-01
5.0000000000000000e-01
2.0000000000000001e-01
1.0000000000000000e+00
5.0000000000000000e-01
8.3333333333333329e-02
0.0
2.5000000000000000e-01
2.3255813953488372e-02
1.6666666666666666e-01
4.7619047619047616e-02
4.7619047619047616e-02
7.6923076923076927e-02
2.3255813953488372e-02
1.4084507042253521e-02
8.3333333333333329e-02
9.0909090909090912e-02
1.0000000000000000e+00
1.0000000000000000e+00
1.0000000000000000e+00
4.7619047619047616e-02
3.3333333333333331e-01
7.1428571428571425e-02
2.5000000000000000e-01
1.1111111111111110e-01
1.0000000000000000e+00
5.0000000000000000e-01
1.1111111111111110e-01
1.0204081632653060e-02
5.8823529411764705e-02
1.0000000000000000e+00
1.0000000000000000e+00
1.4084507042253521e-02
3.3333333333333331e-01
1.0000000000000000e+00
1.0000000000000000e+00
1.0000000000000000e+00
3.3333333333333331e-01
2.3809523809523808e-02
4.7619047619047616e-02
1.0000000000000000e+00
2.2727272727272728e-02
5.0000000000000000e-01
1.0000000000000000e+00
9.0909090909090912e-02
1.0000000000000001e-01
3.1250000000000000e-02
2.3255813953488372e-02
1.0000000000000000e+00
1.1627906976744186e-02
5.0000000000000000e-01
8.3333333333333329e-02
6.2500000000000000e-02
3.3333333333333331e-01
1.0000000000000001e-01
1.2500000000000000e-01
1.0000000000000000e+00
1.0000000000000000e+00
8.3333333333333329e-02
1.0752688172043012e-02
4.7619047619047616e-02
3.3333333333333331e-01
6.2500000000000000e-02
2.0000000000000001e-01
1.3333333333333334e-02
3.3333333333333331e-01
1.0000000000000000e+00
1.6666666666666666e-01
1.0000000000000000e+00
2.0000000000000001e-01
1.0000000000000000e+00
5.0000000000000000e-01
5.0000000000000000e-01
3.3333333333333331e-01
3.2258064516129031e-02
7.1428571428571425e-02
3.3333333333333331e-01
3.3333333333333331e-01
1.0638297872340425e-02
2.5000000000000000e-01
5.0000000000000000e-01
1.0000000000000000e+00
1.0000000000000000e+00
1.0000000000000000e+00
1.0000000000000000e+00
1.1111111111111110e-01
1.0000000000000000e+00
5.0000000000000000e-01
5.0000000000000000e-01
1.0000000000000000e+00
2.0000000000000001e-01
5.2631578947368418e-02
1.6666666666666666e-01
1.0000000000000000e+00
2.0000000000000001e-01
1.0000000000000000e+00
1.0000000000000000e+00
1.0000000000000000e+00
3.2258064516129031e-02
1.0000000000000000e+00
5.0000000000000000e-01
1.0000000000000000e+00
1.2345679012345678e-02
2.0000000000000000e-02
1.0000000000000000e+00
1.1627906976744186e-02
1.1111111111111110e-01
5.0000000000000000e-01
0.0
1.0309278350515464e-02
1.0000000000000000e+00
2.7777777777777776e-02
1.0000000000000000e+00
1.0000000000000000e+00
3.3333333333333333e-02
5.0000000000000000e-01
1.1363636363636364e-02
5.0000000000000000e-01
1.9607843137254902e-02
5.0000000000000000e-01
2.0408163265306121e-02
5.0000000000000000e-01
1.6666666666666666e-01
1.1494252873563218e-02
1.0000000000000000e+00
1.0000000000000000e+00
5.0000000000000000e-01
3.3333333333333331e-01
5.0000000000000003e-02
1.0000000000000000e+00
1.0000000000000000e+00
1.0000000000000000e+00
5.0000000000000000e-01
7.6923076923076927e-02
1.0000000000000000e+00
2.2222222222222223e-02
1.1627906976744186e-02
1.0638297872340425e-02
3.3333333333333331e-01
1.0000000000000000e+00
1.0000000000000000e+00
7.6923076923076927e-02
3.3333333333333333e-02
5.0000000000000000e-01
1.0000000000000000e+00
1.4285714285714285e-01
5.0000000000000000e-01
5.0000000000000000e-01
5.0000000000000000e-01
3.3333333333333331e-01
2.6315789473684209e-02
1.0000000000000000e+00
2.0000000000000001e-01
1.1111111111111110e-01
1.0000000000000000e+00
5.8823529411764705e-02
1.2500000000000000e-01
1.0000000000000000e+00
5.0000000000000003e-02
1.0000000000000001e-01
1.1904761904761904e-02
1.0000000000000000e+00
1.0000000000000000e+00
2.0000000000000001e-01
3.3333333333333331e-01
1.1904761904761904e-02
1.2658227848101266e-02
1.0000000000000000e+00
1.0000000000000000e+00
1.0000000000000000e+00
1.4285714285714285e-01
3.1250000000000000e-02
1.0000000000000000e+00
1.0000000000000000e+00
5.0000000000000000e-01
2.4390243902439025e-02
9.0909090909090912e-02
3.7037037037037035e-02
2.9411764705882353e-02
1.1764705882352941e-02
2.0000000000000001e-01
3.3333333333333331e-01
3.3333333333333331e-01
1.0000000000000000e+00
5.0000000000000000e-01
1.0000000000000000e+00
1.1111111111111110e-01
3.7037037037037035e-02
2.5000000000000000e-01
1.0752688172043012e-02
3.7037037037037035e-02
1.2345679012345678e-02
1.4285714285714285e-01
1.0000000000000000e+00
1.0000000000000000e+00
1.0000000000000000e+00
1.2658227848101266e-02
5.0000000000000000e-01
1.0000000000000000e+00
2.5000000000000000e-01
4.1666666666666664e-02
1.0000000000000000e+00
6.2500000000000000e-02
1.0000000000000001e-01
3.3333333333333331e-01
3.2258064516129031e-02
1.0000000000000000e+00
1.0000000000000000e+00
2.5000000000000000e-01
3.0959752321981426e-03
1.0000000000000000e+00
3.3333333333333331e-01
1.1494252873563218e-02
5.0000000000000000e-01
4.0000000000000001e-02
5.0000000000000000e-01
6.2500000000000000e-02
2.0408163265306121e-02
2.8571428571428571e-02
3.3333333333333331e-01
1.0000000000000000e+00
3.3333333333333331e-01
3.3333333333333331e-01
1.0869565217391304e-02
1.2820512820512820e-02
1.0000000000000000e+00
1.1111111111111110e-01
3.5714285714285712e-02
3.3333333333333331e-01
9.0909090909090912e-02
5.8823529411764705e-02
1.0000000000000000e+00
1.4285714285714285e-01
5.0000000000000000e-01
1.1111111111111110e-01
5.2631578947368418e-02
1.0000000000000000e+00
5.0000000000000000e-01
1.0000000000000000e+00
5.0000000000000000e-01
1.2500000000000000e-01
3.1250000000000000e-02
3.3333333333333331e-01
1.0000000000000000e+00
1.4285714285714285e-01
5.0000000000000000e-01
1.0000000000000000e+00
3.3333333333333331e-01
1.0000000000000000e+00
1.0000000000000000e+00
4.1666666666666664e-02
2.0000000000000001e-01
5.0000000000000000e-01
3.5714285714285712e-02
2.5000000000000000e-01
5.0000000000000000e-01
5.0000000000000000e-01
0.0
3.3333333333333331e-01
1.2658227848101266e-02
3.3333333333333331e-01
1.0000000000000000e+00
2.1276595744680851e-02
1.0000000000000001e-01
3.3333333333333331e-01
3.1250000000000000e-02
1.0000000000000000e+00
4.1666666666666664e-02
1.1111111111111110e-01
2.0000000000000001e-01
1.0000000000000000e+00
1.4285714285714285e-01
1.0000000000000000e+00
3.3333333333333331e-01
1.4084507042253521e-02
1.0000000000000000e+00
1.0000000000000000e+00
3.0303030303030304e-02
1.0000000000000000e+00
5.0000000000000000e-01
1.0000000000000000e+00
1.0000000000000000e+00
1.0000000000000000e+00
1.0000000000000000e+00
5.0000000000000000e-01
1.7241379310344827e-02
1.1111111111111110e-01
4.5454545454545456e-02
1.2048192771084338e-02
1.4285714285714285e-01
5.0000000000000000e-01
1.0000000000000000e+00
1.0000000000000000e+00
1.0000000000000000e+00
1.0000000000000000e+00
3.3333333333333331e-01
1.0000000000000001e-01
2.0833333333333332e-02
5.0000000000000000e-01
7.1428571428571425e-02
3.3333333333333331e-01
1.2500000000000000e-01
3.3333333333333331e-01
3.1250000000000000e-02
7.1428571428571425e-02
2.8571428571428571e-02
1.1111111111111112e-02
2.5000000000000000e-01
2.5000000000000000e-01
2.7777777777777776e-02
1.0000000000000001e-01
1.1111111111111110e-01
5.0000000000000000e-01
1.0000000000000000e+00
1.0000000000000000e+00
3.3333333333333331e-01
3.3333333333333331e-01
4.0000000000000001e-02
5.0000000000000000e-01
1.0000000000000000e+00
8.3333333333333329e-02
5.0000000000000000e-01
1.4285714285714285e-01
1.1363636363636364e-02
1.0000000000000000e+00
1.2500000000000000e-01
3.3333333333333331e-01
1.0000000000000000e+00
3.3333333333333333e-02
5.0000000000000000e-01
1.0000000000000000e+00
3.3333333333333333e-02
2.5000000000000000e-01
1.6666666666666666e-01
2.9411764705882353e-02
1.0000000000000000e+00
1.6666666666666666e-01
1.2048192771084338e-02
2.5000000000000000e-01
1.0000000000000000e+00
1.0000000000000000e+00
1.0752688172043012e-02
1.1111111111111110e-01
5.0000000000000000e-01
1.1111111111111110e-01
2.6315789473684209e-02
5.0000000000000000e-01
1.0000000000000000e+00
5.0000000000000000e-01
1.0869565217391304e-02
5.0000000000000000e-01
2.5000000000000000e-01
9.0909090909090912e-02
1.0000000000000000e+00
1.2500000000000000e-01
1.6666666666666666e-01
1.0000000000000000e+00
1.0000000000000000e+00
1.0000000000000000e+00
1.0000000000000000e-02
1.0000000000000000e+00
6.6666666666666666e-02
1.0000000000000000e+00
1.0000000000000001e-01
5.0000000000000000e-01
5.5555555555555552e-02
1.0000000000000000e+00
1.0000000000000000e+00
1.1627906976744186e-02
1.0000000000000000e+00
1.0000000000000000e+00
1.0000000000000000e+00
1.0000000000000000e+00
2.0000000000000001e-01
6.6666666666666666e-02
1.0000000000000000e+00
5.0000000000000000e-01
1.0000000000000000e+00
2.6315789473684209e-02
1.2048192771084338e-02
3.3333333333333331e-01
1.4285714285714285e-01
5.0000000000000000e-01
1.7857142857142856e-02
1.0000000000000000e+00
1.7543859649122806e-02
2.7027027027027029e-02
5.5555555555555552e-02
1.1363636363636364e-02
5.0000000000000003e-02
3.3333333333333331e-01
5.2631578947368418e-02
1.1111111111111110e-01
5.0000000000000000e-01
2.5000000000000000e-01
3.3333333333333331e-01
1.0000000000000000e+00
3.8461538461538464e-02
4.1666666666666664e-02
1.0000000000000000e+00
3.3333333333333331e-01
2.5000000000000000e-01
1.0000000000000000e+00
5.0000000000000000e-01
1.0000000000000000e+00
9.0909090909090912e-02
1.0000000000000000e+00
1.0000000000000000e+00
5.0000000000000000e-01
5.0000000000000000e-01
1.0000000000000000e+00
1.0000000000000000e+00
1.8518518518518517e-02
1.0000000000000000e+00
1.0000000000000000e+00
8.3333333333333329e-02
1.6666666666666666e-01
1.0000000000000000e+00
1.0000000000000000e+00
1.0000000000000000e+00
1.4285714285714285e-02
2.8571428571428571e-02
1.4285714285714285e-01
7.6923076923076927e-02
2.5000000000000000e-01
2.2222222222222223e-02
5.0000000000000000e-01
5.0000000000000000e-01
1.0000000000000000e+00
1.0000000000000000e+00
1.0000000000000001e-01
7.1428571428571425e-02
2.0000000000000001e-01
5.2631578947368418e-02
1.0000000000000000e+00
7.1428571428571425e-02
3.2258064516129031e-02
1.6666666666666666e-01
3.3333333333333331e-01
4.7619047619047616e-02
1.0000000000000000e+00
1.0000000000000000e+00
2.2222222222222223e-02
1.0000000000000000e+00
1.0000000000000000e+00
6.2500000000000000e-02
1.0000000000000000e+00
5.0000000000000000e-01
1.0000000000000000e+00
1.0000000000000000e+00
1.0000000000000000e+00
1.0000000000000000e+00
3.3333333333333331e-01
1.0000000000000000e+00
1.0000000000000000e+00
5.0000000000000000e-01
1.0000000000000001e-01
3.3333333333333331e-01
1.5151515151515152e-02
3.4482758620689655e-02
4.1666666666666664e-02
4.1666666666666664e-02
3.3333333333333331e-01
1.0000000000000000e+00
2.0000000000000001e-01
3.3333333333333331e-01
1.0000000000000000e-02
1.0000000000000000e+00
1.7543859649122806e-02
1.0000000000000000e+00
6.2500000000000000e-02
7.1428571428571425e-02
1.0000000000000000e+00
1.0000000000000001e-01
4.3478260869565216e-02
2.5000000000000000e-01
2.8571428571428571e-02
5.0000000000000000e-01
3.3333333333333331e-01
5.0000000000000000e-01
2.3809523809523808e-02
3.3333333333333331e-01
2.0000000000000001e-01
3.3333333333333331e-01
5.0000000000000000e-01
1.0000000000000000e+00
1.6393442622950821e-02
2.0408163265306121e-02
1.0000000000000000e+00
2.2727272727272728e-02
3.8461538461538464e-02
5.0000000000000000e-01
5.0000000000000000e-01
3.3333333333333331e-01
6.6666666666666666e-02
1.0000000000000000e+00
1.0000000000000000e+00
3.3333333333333331e-01
1.0000000000000000e+00
1.0000000000000000e+00
1.4084507042253521e-02
6.6666666666666666e-02
2.5000000000000000e-01
1.2500000000000000e-01
1.0000000000000000e+00
3.3333333333333331e-01
1.0000000000000000e+00
2.8571428571428571e-02
1.0000000000000000e+00
5.0000000000000000e-01
1.0000000000000000e+00
1.6666666666666666e-01
5.0000000000000000e-01
1.0000000000000000e+00
3.3333333333333331e-01
1.2500000000000000e-01
1.0000000000000000e+00
1.0000000000000000e+00
1.0000000000000000e+00
1.0000000000000000e+00
1.2500000000000000e-01
5.8823529411764705e-02
5.0000000000000000e-01
1.0000000000000000e+00
1.0000000000000000e+00
1.0000000000000000e+00
4.1666666666666664e-02
1.0000000000000000e+00
5.0000000000000000e-01
1.2500000000000000e-01
1.0000000000000000e+00
1.0000000000000000e+00
4.7619047619047616e-02
1.0000000000000000e+00
5.0000000000000000e-01
3.8461538461538464e-02
5.8823529411764705e-02
0.0
1.0000000000000000e+00
2.8901734104046241e-03
8.8495575221238937e-03
3.4482758620689655e-02
2.8571428571428571e-02
5.0000000000000000e-01
2.5000000000000000e-01
3.3333333333333331e-01
1.0000000000000000e+00
1.0000000000000000e+00
2.5000000000000001e-02
1.4285714285714285e-01
5.0000000000000000e-01
6.6666666666666666e-02
5.0000000000000000e-01
1.4705882352941176e-02
1.2500000000000000e-01
3.8461538461538464e-02
8.3333333333333329e-02
1.0000000000000000e+00
1.0000000000000000e+00
5.0000000000000000e-01
5.0000000000000000e-01
1.4285714285714285e-01
1.0000000000000000e+00
1.0000000000000000e+00
3.3333333333333331e-01
2.0000000000000001e-01
2.0000000000000001e-01
2.5000000000000000e-01
1.0000000000000000e+00
5.0000000000000000e-01
1.0000000000000000e+00
7.1428571428571425e-02
1.4285714285714285e-01
1.0000000000000000e+00
5.0000000000000000e-01
1.0000000000000001e-01
1.4285714285714285e-01
1.0000000000000000e+00
5.5555555555555552e-02
1.1111111111111110e-01
5.0000000000000003e-02
5.0000000000000003e-02
1.0000000000000001e-01
3.3333333333333331e-01
2.5000000000000000e-01
3.3333333333333331e-01
4.5454545454545456e-02
1.2500000000000000e-01
6.0975609756097563e-03
1.0000000000000000e+00
1.0000000000000000e+00
7.6923076923076927e-02
2.5000000000000000e-01
1.0000000000000000e+00
5.0000000000000000e-01
3.8461538461538464e-02
1.0000000000000000e+00
3.5714285714285712e-02
4.3478260869565216e-02
5.0000000000000000e-01
1.0000000000000000e+00
1.0000000000000000e+00
1.2820512820512820e-02
5.0000000000000000e-01
2.2471910112359553e-03
1.5625000000000000e-02
2.0000000000000001e-01
5.0000000000000000e-01
5.0000000000000000e-01
3.3333333333333331e-01
2.0000000000000001e-01
2.3809523809523808e-02
6.2500000000000000e-02
3.3333333333333333e-02
3.3333333333333331e-01
5.0000000000000000e-01
1.0000000000000000e+00
1.1111111111111110e-01
4.7619047619047616e-02
7.6923076923076927e-02
1.0000000000000000e+00
1.4285714285714285e-01
1.7543859649122806e-02
7.6923076923076927e-02
5.0000000000000000e-01
2.0000000000000001e-01
5.0000000000000000e-01
1.0000000000000000e+00
7.6923076923076927e-02
1.0000000000000000e+00
2.0000000000000001e-01
5.0000000000000000e-01
4.7619047619047616e-02
1.0000000000000000e+00
2.5000000000000000e-01
1.0000000000000000e+00
4.1666666666666664e-02
1.0000000000000000e+00
4.7619047619047616e-02
6.2500000000000000e-02
1.0000000000000000e+00
2.5000000000000000e-01
5.0000000000000000e-01
6.6666666666666666e-02
2.2727272727272728e-02
1.0000000000000000e+00
1.0000000000000000e+00
2.2123893805309734e-03
5.5555555555555552e-02
5.0000000000000000e-01
5.0000000000000000e-01
1.0000000000000000e+00
1.0000000000000000e+00
2.9411764705882353e-02
5.0000000000000000e-01
5.0000000000000000e-01
1.0000000000000000e+00
1.0000000000000000e+00
1.0000000000000001e-01
1.0000000000000000e+00
5.0000000000000000e-01
2.5000000000000000e-01
2.9411764705882353e-02
5.0000000000000000e-01
3.3333333333333331e-01
1.0000000000000000e+00
1.0000000000000000e+00
6.0606060606060606e-03
1.4285714285714285e-01
2.8571428571428571e-02
5.0000000000000000e-01
5.0000000000000000e-01
5.2631578947368418e-02
7.1428571428571425e-02
3.3333333333333331e-01
1.0000000000000000e+00
3.3333333333333331e-01
1.0000000000000000e+00
1.4705882352941176e-02
3.3333333333333331e-01
2.5000000000000000e-01
6.2500000000000000e-02
5.0000000000000000e-01
2.9411764705882353e-02
1.0000000000000000e+00
1.0000000000000000e+00
1.0000000000000000e+00
1.4285714285714285e-01
1.0000000000000000e+00
3.2258064516129031e-02
7.1428571428571425e-02
2.7322404371584699e-03
5.0000000000000000e-01
5.0000000000000000e-01
1.0000000000000000e+00
1.0000000000000000e+00
1.0000000000000000e+00
4.3478260869565216e-02
1.5151515151515152e-02
1.0000000000000000e+00
5.5555555555555552e-02
1.0000000000000000e+00
1.0000000000000000e+00
5.0000000000000000e-01
4.3478260869565216e-02
1.0000000000000000e+00
2.1881838074398249e-03
6.2500000000000000e-02
1.1111111111111110e-01
1.0000000000000000e+00
1.0000000000000000e+00
3.3333333333333331e-01
7.6923076923076927e-02
2.2727272727272728e-02
1.0000000000000001e-01
1.6666666666666666e-01
1.0000000000000000e+00
6.0606060606060606e-03
1.0000000000000000e+00
1.6666666666666666e-01
1.0000000000000000e+00
1.0000000000000000e+00
4.3478260869565216e-02
1.0000000000000000e+00
2.2727272727272728e-02
1.0000000000000000e+00
1.6666666666666666e-02
4.0000000000000001e-02
5.2631578947368418e-02
1.0000000000000000e+00
5.0000000000000000e-01
5.0000000000000000e-01
9.0909090909090912e-02
5.0000000000000003e-02
5.5555555555555552e-02
1.0000000000000000e+00
5.5555555555555552e-02
3.3333333333333331e-01
1.0000000000000000e+00
4.5454545454545456e-02
1.0000000000000000e+00
1.6666666666666666e-01
2.3809523809523808e-02
3.3333333333333331e-01
3.0120481927710845e-03
1.0000000000000000e+00
8.3333333333333329e-02
9.0909090909090912e-02
2.5000000000000000e-01
1.0000000000000000e+00
1.0000000000000000e+00
1.0000000000000000e+00
5.0000000000000000e-01
1.0000000000000000e+00
3.3333333333333331e-01
1.0000000000000000e+00
1.0000000000000000e+00
1.0000000000000000e+00
5.0000000000000000e-01
3.1250000000000000e-02
3.3333333333333331e-01
2.0000000000000001e-01
1.2500000000000000e-01
4.3478260869565216e-02
1.0000000000000000e+00
2.9411764705882353e-03
5.0000000000000000e-01
1.0000000000000000e+00
1.6666666666666666e-01
5.5555555555555552e-02
4.7619047619047616e-02
3.1250000000000000e-02
2.3809523809523808e-02
2.5000000000000000e-01
1.0000000000000000e+00
7.1428571428571425e-02
1.9762845849802370e-03
1.0000000000000000e+00
3.2786885245901639e-03
1.6666666666666666e-01
5.8823529411764705e-03
5.0000000000000000e-01
1.1904761904761904e-02
3.1250000000000000e-02
1.0000000000000000e+00
2.0000000000000001e-01
3.4843205574912892e-03
4.0000000000000001e-02
1.0000000000000000e+00
3.3333333333333331e-01
1.9120458891013384e-03
1.4285714285714285e-01
1.0000000000000000e+00
1.0000000000000000e+00
1.0000000000000000e+00
6.2500000000000000e-02
5.0000000000000000e-01
1.2820512820512820e-02
2.2727272727272728e-02
1.0000000000000000e+00
1.0000000000000000e+00
3.3670033670033669e-03
6.6666666666666666e-02
2.7173913043478260e-03
2.9411764705882353e-02
5.5555555555555552e-02
1.4285714285714285e-01
2.9239766081871343e-03
2.2471910112359553e-03
0.0
5.0000000000000000e-01
5.0000000000000000e-01
1.0000000000000000e+00
1.0000000000000000e+00
6.2111801242236021e-03
2.9411764705882353e-03
2.2321428571428570e-03
1.0000000000000000e+00
5.0000000000000000e-01
1.0000000000000000e+00
2.9411764705882353e-03
2.2522522522522522e-03
1.1111111111111110e-01
1.0000000000000000e+00
6.2111801242236021e-03
1.4285714285714285e-01
2.7173913043478260e-03
2.9239766081871343e-03
5.0000000000000000e-01
5.0000000000000000e-01
1.0000000000000000e+00
2.5000000000000000e-01
1.0000000000000001e-01
2.2123893805309734e-03
2.8818443804034580e-03
3.3333333333333331e-01
2.7173913043478260e-03
2.5000000000000001e-02
0.0
2.7173913043478260e-03
8.3333333333333329e-02
5.0000000000000000e-01
2.9239766081871343e-03
1.0000000000000000e+00
1.0000000000000000e+00
2.2123893805309734e-03
1.0000000000000000e+00
2.9411764705882353e-03
1.0000000000000001e-01
1.0000000000000000e+00
3.3333333333333331e-01
1.7543859649122806e-02
5.0000000000000000e-01
1.6666666666666666e-02
4.1666666666666664e-02
1.0000000000000000e+00
1.0000000000000000e+00
1.0000000000000000e+00
2.9239766081871343e-03
2.3809523809523808e-02
2.5000000000000000e-01
2.5641025641025640e-02
5.0000000000000000e-01
1.0000000000000000e+00
2.0000000000000001e-01
3.4722222222222220e-03
1.0000000000000000e+00
1.0000000000000000e+00
3.3333333333333331e-01
5.0000000000000000e-01
1.0000000000000000e+00
1.0000000000000000e+00
2.0000000000000001e-01
2.9239766081871343e-03
3.2051282051282050e-03
1.0000000000000000e+00
2.6315789473684209e-02
1.0000000000000000e+00
3.3333333333333331e-01
1.0000000000000000e+00
1.0000000000000000e+00
2.1739130434782608e-02
5.0000000000000000e-01
2.2471910112359553e-03
1.0000000000000000e+00
1.0000000000000000e+00
8.3333333333333329e-02
5.0000000000000000e-01
2.7173913043478260e-03
1.0000000000000000e+00
1.0000000000000000e+00
1.2500000000000000e-01
1.4285714285714285e-01
2.9239766081871343e-03
3.3333333333333331e-01
1.0000000000000000e+00
1.0000000000000000e+00
6.2111801242236021e-03
2.9411764705882353e-03
1.1111111111111110e-01
5.0000000000000000e-01
5.0000000000000000e-01
1.0000000000000000e+00
2.9239766081871343e-03
6.2111801242236021e-03
1.4285714285714285e-01
2.9239766081871343e-03
1.0000000000000000e+00
1.1111111111111110e-01
5.0000000000000000e-01
1.0000000000000000e+00
6.2111801242236021e-03
2.9411764705882353e-03
5.0000000000000000e-01
4.1666666666666664e-02
2.9239766081871343e-03
2.9239766081871343e-03
2.9239766081871343e-03
1.0000000000000000e+00
1.0000000000000000e+00
3.0211480362537764e-03
5.0000000000000000e-01
1.0000000000000000e+00
1.0000000000000000e+00
1.4285714285714285e-01
7.1428571428571425e-02
2.0876826722338203e-03
1.0000000000000000e+00
1.0000000000000000e+00
5.0000000000000000e-01
5.0000000000000000e-01
1.0000000000000000e+00
2.7932960893854749e-03
1.2500000000000000e-01
1.0000000000000001e-01
1.0000000000000000e+00
2.7173913043478260e-03
2.9239766081871343e-03
2.9239766081871343e-03
1.0000000000000000e+00
2.9239766081871343e-03
1.6666666666666666e-01
2.2727272727272728e-02
2.2471910112359553e-03
5.0000000000000000e-01
2.2471910112359553e-03
1.0000000000000000e+00
1.0000000000000000e+00
6.6666666666666666e-02
2.8571428571428571e-02
3.3333333333333331e-01
1.0000000000000000e+00
1.2500000000000000e-01
4.7619047619047616e-02
2.2123893805309734e-03
1.0000000000000000e+00
2.0000000000000001e-01
5.0000000000000000e-01
4.5454545454545456e-02
1.0000000000000000e+00
1.0000000000000000e+00
1.0000000000000000e+00
2.8571428571428571e-02
2.9239766081871343e-03
2.9325513196480938e-03
2.5000000000000000e-01
6.2500000000000000e-02
1.0000000000000000e+00
1.0000000000000000e+00
3.3333333333333331e-01
8.3333333333333329e-02
1.0000000000000000e+00
7.1428571428571425e-02
4.1666666666666664e-02
3.2258064516129032e-03
5.0000000000000000e-01
2.9325513196480938e-03
1.0000000000000000e+00
2.9325513196480938e-03
2.9325513196480938e-03
1.0000000000000000e+00
3.3333333333333331e-01
6.3291139240506328e-03
1.0000000000000000e+00
4.7619047619047616e-02
2.0000000000000001e-01
2.0000000000000001e-01
2.2471910112359553e-03
2.9325513196480938e-03
2.9325513196480938e-03
5.0000000000000000e-01
5.0000000000000000e-01
1.0000000000000000e+00
3.8461538461538464e-02
1.2500000000000001e-02
2.9239766081871343e-03
3.3333333333333331e-01
2.7777777777777779e-03
2.9239766081871343e-03
2.9239766081871343e-03
1.0000000000000000e+00
2.9325513196480938e-03
1.0000000000000000e+00
1.4285714285714285e-01
3.3333333333333331e-01
3.2258064516129031e-02
2.7777777777777779e-03
5.0000000000000000e-01
5.0000000000000000e-01
1.9531250000000000e-03
1.0000000000000000e+00
5.0000000000000000e-01
2.9325513196480938e-03
1.0000000000000000e+00
2.5000000000000000e-01
7.6923076923076927e-02
6.3291139240506328e-03
2.9239766081871343e-03
1.0000000000000000e+00
3.2258064516129032e-03
2.9239766081871343e-03
2.9239766081871343e-03
5.0000000000000000e-01
5.0000000000000000e-01
3.2258064516129031e-02
1.1111111111111110e-01
2.5000000000000000e-01
5.7803468208092483e-03
1.0000000000000000e+00
3.3333333333333331e-01
1.0000000000000000e+00
1.0000000000000000e+00
3.0120481927710845e-03
6.6666666666666666e-02
1.1111111111111110e-01
1.0000000000000000e+00
4.1666666666666664e-02
2.6455026455026454e-03
1.0000000000000000e+00
1.0000000000000000e+00
2.2471910112359553e-03
2.0000000000000001e-01
2.2471910112359553e-03
2.0833333333333332e-02
2.9239766081871343e-03
5.0000000000000000e-01
3.1250000000000000e-02
1.0000000000000000e+00
2.2222222222222223e-02
3.1152647975077881e-03
1.0000000000000000e+00
1.0000000000000000e+00
5.0000000000000000e-01
2.2471910112359553e-03
2.9239766081871343e-03
1.0000000000000000e+00
1.0000000000000000e+00
1.0000000000000000e+00
2.9239766081871343e-03
1.0000000000000000e+00
2.0833333333333332e-02
1.0000000000000000e+00
1.0000000000000000e+00
2.9239766081871343e-03
2.1739130434782608e-02
2.9239766081871343e-03
1.0000000000000001e-01
3.0769230769230769e-03
1.1904761904761904e-02
2.9239766081871343e-03
2.9239766081871343e-03
6.6666666666666666e-02
2.5000000000000000e-01
2.9239766081871343e-03
2.9239766081871343e-03
1.0000000000000000e+00
2.7932960893854749e-03
1.0000000000000000e+00
2.9239766081871343e-03
1.0000000000000000e+00
2.2123893805309734e-03
3.4482758620689655e-02
1.0000000000000000e+00
3.2258064516129031e-02
1.0000000000000000e+00
5.0000000000000000e-01
2.9239766081871343e-03
2.3419203747072600e-03
2.4509803921568627e-03
5.0000000000000000e-01
2.8985507246376812e-03
1.4285714285714285e-01
1.0000000000000000e+00
1.6666666666666666e-01
2.2573363431151240e-03
1.6666666666666666e-01
3.3333333333333331e-01
5.2631578947368418e-02
1.1111111111111110e-01
2.9239766081871343e-03
1.0000000000000000e+00
2.9239766081871343e-03
2.9239766081871343e-03
5.0000000000000000e-01
5.0000000000000000e-01
2.3419203747072600e-03
1.0000000000000001e-01
2.9239766081871343e-03
1.1111111111111110e-01
5.8823529411764705e-02
1.0000000000000000e+00
1.0000000000000000e+00
1.0000000000000000e+00
4.7619047619047616e-02
1.0000000000000000e+00
5.0000000000000000e-01
3.3333333333333331e-01
1.6666666666666666e-02
2.0366598778004071e-03
9.0909090909090912e-02
2.9239766081871343e-03
2.2471910112359553e-03
2.9239766081871343e-03
2.9239766081871343e-03
5.0000000000000000e-01
1.0000000000000000e+00
1.0000000000000000e+00
5.0000000000000000e-01
5.0000000000000000e-01
2.9239766081871343e-03
3.2258064516129031e-02
1.0000000000000000e+00
3.3333333333333331e-01
2.2471910112359553e-03
2.2471910112359553e-03
1.8867924528301886e-02
6.4102564102564100e-03
5.0000000000000000e-01
1.0000000000000000e+00
2.9239766081871343e-03
8.3333333333333329e-02
2.0833333333333332e-02
1.4285714285714285e-01
1.6666666666666666e-01
3.2258064516129031e-02
5.5555555555555552e-02
1.0000000000000000e+00
1.2500000000000000e-01
2.8571428571428571e-02
1.0000000000000000e+00
1.4285714285714285e-01
5.0000000000000000e-01
1.4285714285714285e-01
4.0000000000000001e-02
1.0000000000000000e+00
5.0000000000000000e-01
6.4516129032258064e-03
2.0366598778004071e-03
1.0000000000000000e+00
5.0000000000000000e-01
2.2522522522522522e-03
1.0000000000000000e+00
8.3333333333333329e-02
3.3333333333333331e-01
3.1250000000000000e-02
1.0000000000000000e+00
1.1111111111111110e-01
5.8823529411764705e-02
3.2258064516129031e-02
5.0000000000000000e-01
2.5000000000000000e-01
2.0283975659229209e-03
4.7619047619047616e-02
2.0876826722338203e-03
2.0833333333333332e-02
3.3333333333333331e-01
2.0000000000000001e-01
5.5555555555555552e-02
4.3478260869565216e-02
2.2727272727272726e-03
3.3333333333333331e-01
1.0000000000000000e+00
6.4516129032258064e-03
7.6923076923076927e-02
2.6809651474530832e-03
5.0000000000000003e-02
3.0120481927710845e-03
1.4285714285714285e-01
5.0000000000000000e-01
7.1428571428571425e-02
2.5000000000000000e-01
2.0876826722338203e-03
1.0000000000000000e+00
8.3333333333333329e-02
5.0000000000000000e-01
2.0000000000000001e-01
1.0000000000000000e+00
5.0000000000000000e-01
2.2471910112359553e-03
2.3809523809523808e-02
2.2222222222222223e-02
3.3333333333333331e-01
3.3333333333333333e-02
2.5000000000000000e-01
5.0000000000000000e-01
1.0000000000000000e+00
2.2471910112359553e-03
1.6666666666666666e-01
1.0000000000000000e+00
1.0000000000000000e+00
5.0000000000000000e-01
1.0000000000000000e+00
6.3291139240506328e-03
1.2500000000000000e-01
1.2500000000000000e-01
1.0000000000000000e+00
4.7619047619047616e-02
5.7142857142857143e-03
1.0000000000000000e+00
1.0000000000000000e+00
2.5000000000000000e-01
1.6666666666666666e-01
1.0000000000000000e+00
1.0000000000000000e+00
5.7142857142857143e-03
2.2471910112359553e-03
9.0909090909090912e-02
5.5555555555555552e-02
2.2471910112359553e-03
1.1111111111111110e-01
2.2471910112359553e-03
1.0000000000000000e+00
1.0000000000000000e+00
4.7619047619047616e-02
4.9751243781094526e-03
1.0000000000000000e+00
5.2631578947368418e-02
3.0674846625766872e-03
1.1111111111111110e-01
2.2471910112359553e-03
7.1428571428571425e-02
1.0000000000000000e+00
1.0000000000000000e+00
1.0000000000000000e+00
6.6666666666666666e-02
3.3333333333333331e-01
2.2471910112359553e-03
1.0000000000000000e+00
2.2471910112359553e-03
5.0000000000000000e-01
1.0000000000000000e+00
1.0000000000000000e+00
5.0000000000000000e-01
5.0000000000000000e-01
5.0000000000000000e-01
5.0000000000000000e-01
3.3333333333333331e-01
2.5000000000000000e-01
1.0000000000000000e+00
2.0876826722338203e-03
1.0000000000000000e+00
2.2471910112359553e-03
3.3333333333333331e-01
4.3478260869565216e-02
2.0000000000000001e-01
2.2471910112359553e-03
2.2123893805309734e-03
1.0000000000000000e+00
1.4285714285714285e-01
2.0000000000000001e-01
1.0000000000000000e+00
1.0000000000000000e+00
3.3333333333333331e-01
2.2471910112359553e-03
3.3333333333333331e-01
1.0000000000000000e+00
1.6666666666666666e-01
3.4482758620689655e-02
2.2471910112359553e-03
5.0000000000000000e-01
2.1978021978021978e-03
1.0000000000000000e+00
3.3333333333333331e-01
3.5335689045936395e-03
2.2471910112359553e-03
5.5555555555555552e-02
3.3333333333333331e-01
3.3333333333333331e-01
3.3333333333333331e-01
1.0000000000000001e-01
8.3333333333333329e-02
1.0000000000000000e+00
2.0408163265306124e-03
6.3291139240506328e-03
5.0000000000000000e-01
1.0000000000000000e+00
3.3333333333333331e-01
3.3333333333333331e-01
2.0000000000000000e-02
2.2522522522522522e-03
1.0000000000000000e+00
6.6666666666666666e-02
2.2471910112359553e-03
5.0000000000000000e-01
1.6666666666666666e-02
2.1691973969631237e-03
5.5555555555555552e-02
4.5454545454545456e-02
1.0000000000000000e+00
1.0000000000000000e+00
1.0000000000000000e+00
2.9411764705882353e-02
2.5000000000000000e-01
3.3333333333333331e-01
1.0000000000000000e+00
4.0000000000000001e-02
1.4285714285714285e-01
3.3333333333333331e-01
2.2123893805309734e-03
1.0000000000000000e+00
3.3333333333333331e-01
1.0000000000000000e+00
5.0000000000000000e-01
2.2471910112359553e-03
1.0000000000000000e+00
1.0000000000000000e+00
5.0000000000000000e-01
0.0
2.7777777777777776e-02
5.0000000000000000e-01
5.0000000000000000e-01
5.0000000000000000e-01
1.0000000000000000e+00
5.0000000000000000e-01
5.0000000000000000e-01
2.2172949002217295e-03
5.0000000000000000e-01
6.2111801242236021e-03
2.2624434389140274e-03
1.1111111111111110e-01
5.0000000000000000e-01
7.1428571428571425e-02
1.1111111111111110e-01
2.8653295128939827e-03
1.0000000000000000e+00
1.0000000000000000e+00
5.0000000000000000e-01
1.0000000000000000e+00
2.9154518950437317e-03
2.8571428571428571e-02
1.0000000000000000e+00
1.0000000000000000e+00
3.3333333333333331e-01
7.6923076923076927e-02
1.0000000000000000e+00
1.0000000000000000e+00
4.5454545454545456e-02
1.0000000000000000e+00
1.0000000000000000e+00
2.1598272138228943e-03
2.5000000000000000e-01
5.0000000000000003e-02
1.0000000000000000e+00
1.6666666666666666e-01
7.1428571428571425e-02
2.0876826722338203e-03
2.0000000000000001e-01
3.2258064516129031e-02
5.5555555555555552e-02
2.0366598778004071e-03
6.6666666666666671e-03
2.0876826722338203e-03
2.0000000000000001e-01
1.0000000000000000e+00
1.0000000000000000e+00
1.0000000000000000e+00
5.0000000000000000e-01
1.0000000000000000e+00
5.0000000000000000e-01
1.4285714285714285e-01
2.2675736961451248e-03
1.0000000000000000e+00
1.0000000000000000e+00
1.2500000000000000e-01
1.0000000000000000e+00
1.0000000000000000e+00
5.0000000000000000e-01
5.0000000000000000e-01
1.0000000000000000e+00
8.3333333333333329e-02
5.5555555555555552e-02
3.3333333333333331e-01
7.1428571428571425e-02
2.5000000000000000e-01
5.8823529411764705e-02
1.2500000000000000e-01
2.0746887966804979e-03
1.0000000000000000e+00
2.7247956403269754e-03
3.3333333333333331e-01
1.0000000000000000e+00
2.8653295128939827e-03
1.0000000000000000e+00
1.0000000000000000e+00
1.0000000000000000e+00
1.6666666666666666e-01
1.4285714285714285e-01
1.0000000000000000e+00
1.2500000000000000e-01
1.1111111111111110e-01
1.0000000000000000e+00
5.0000000000000000e-01
3.3333333333333331e-01
1.2658227848101266e-02
4.3478260869565216e-02
1.6666666666666666e-01
1.0000000000000000e+00
2.8571428571428571e-02
1.0000000000000000e+00
2.5000000000000000e-01
4.1666666666666664e-02
3.8167938931297708e-03
1.0000000000000000e+00
1.1111111111111110e-01
2.0000000000000001e-01
1.0000000000000000e+00
1.0000000000000000e+00
2.5000000000000000e-01
4.9751243781094526e-03
5.0000000000000000e-01
3.0395136778115501e-03
2.0000000000000001e-01
4.9751243781094526e-03
1.0000000000000000e+00
5.0000000000000000e-01
1.0000000000000000e+00
3.3333333333333331e-01
1.0000000000000000e+00
2.0576131687242800e-03
5.0000000000000000e-01
1.0000000000000000e+00
1.0000000000000000e+00
2.5000000000000000e-01
5.0000000000000000e-01
1.4285714285714285e-01
2.0876826722338203e-03
2.8653295128939827e-03
3.8167938931297708e-03
1.0000000000000000e+00
2.0366598778004071e-03
2.3980815347721821e-03
2.0366598778004071e-03
5.8823529411764705e-02
6.6666666666666666e-02
2.0576131687242800e-03
2.5000000000000000e-01
1.0000000000000000e+00
3.3333333333333331e-01
1.0000000000000001e-01
3.3333333333333331e-01
2.5000000000000000e-01
2.0876826722338203e-03
1.4285714285714285e-01
7.1428571428571425e-02
2.0242914979757085e-03
5.0000000000000000e-01
1.0000000000000000e+00
1.0000000000000000e+00
2.8328611898016999e-03
5.0000000000000000e-01
2.8653295128939827e-03
5.0000000000000000e-01
4.7619047619047616e-02
1.0000000000000000e+00
1.0000000000000000e+00
5.5555555555555552e-02
2.8653295128939827e-03
3.3333333333333331e-01
0.0
3.3333333333333331e-01
6.8965517241379309e-03
6.0975609756097563e-03
2.0366598778004071e-03
5.0000000000000000e-01
7.6923076923076927e-02
5.0000000000000000e-01
1.0000000000000000e+00
1.0000000000000000e+00
5.0000000000000000e-01
6.2500000000000000e-02
1.0000000000000000e+00
2.1598272138228943e-03
1.0000000000000000e+00
3.3333333333333331e-01
1.0000000000000000e+00
1.0000000000000000e+00
1.0000000000000000e+00
1.0000000000000000e+00
2.2624434389140274e-03
2.0576131687242800e-03
5.0000000000000000e-01
2.0576131687242800e-03
1.0000000000000000e+00
5.5555555555555552e-02
1.0000000000000000e+00
6.2500000000000000e-02
2.0576131687242800e-03
2.0576131687242800e-03
6.2500000000000000e-02
5.0000000000000000e-01
1.0000000000000000e+00
2.0576131687242800e-03
1.0000000000000000e+00
2.0366598778004071e-03
2.1598272138228943e-03
0.0
1.0000000000000000e+00
1.0000000000000000e+00
3.1250000000000000e-02
1.0000000000000000e+00
1.0000000000000000e+00
2.0576131687242800e-03
2.5000000000000000e-01
1.0000000000000000e+00
3.3333333333333331e-01
2.1598272138228943e-03
1.0000000000000000e+00
2.8571428571428571e-02
1.0000000000000000e+00
7.6923076923076927e-02
2.0576131687242800e-03
2.0576131687242800e-03
0.0
2.5062656641604009e-03
5.0000000000000000e-01
3.3333333333333331e-01
2.8653295128939827e-03
1.0000000000000000e+00
2.0242914979757085e-03
1.0000000000000000e+00
3.5714285714285713e-03
1.0000000000000000e+00
1.6666666666666666e-01
2.0000000000000001e-01
2.8653295128939827e-03
2.9154518950437317e-03
1.0000000000000000e+00
1.0000000000000000e+00
2.0576131687242800e-03
3.3333333333333331e-01
2.0576131687242800e-03
2.1598272138228943e-03
7.6923076923076927e-02
1.0000000000000000e+00
5.0000000000000000e-01
2.0576131687242800e-03
2.0576131687242800e-03
1.0000000000000000e+00
2.0576131687242800e-03
2.0576131687242800e-03
7.6923076923076927e-02
4.1666666666666664e-02
2.0833333333333332e-02
2.0576131687242800e-03
5.5555555555555552e-02
1.0000000000000000e+00
6.2500000000000000e-02
5.0000000000000000e-01
2.8653295128939827e-03
1.0000000000000000e+00
2.0576131687242800e-03
2.5000000000000000e-01
3.7593984962406013e-03
2.0576131687242800e-03
2.8653295128939827e-03
8.3333333333333329e-02
5.0000000000000000e-01
1.0000000000000000e+00
4.3478260869565216e-02
1.0000000000000000e+00
2.0576131687242800e-03
1.6393442622950821e-02
2.1367521367521370e-03
1.0000000000000000e+00
4.3478260869565216e-02
2.0576131687242800e-03
2.0576131687242800e-03
2.0576131687242800e-03
2.0576131687242800e-03
1.0000000000000000e+00
2.0576131687242800e-03
3.3333333333333331e-01
2.0576131687242800e-03
2.5000000000000000e-01
2.0576131687242800e-03
4.1666666666666664e-02
2.0576131687242800e-03
2.0576131687242800e-03
1.0000000000000000e+00
1.0000000000000000e+00
8.3333333333333329e-02
2.5000000000000000e-01
4.9751243781094526e-03
2.0576131687242800e-03
5.0000000000000000e-01
1.6666666666666666e-01
2.0576131687242800e-03
2.1598272138228943e-03
2.1598272138228943e-03
2.1598272138228943e-03
5.0000000000000000e-01
2.0576131687242800e-03
2.0576131687242800e-03
2.0576131687242800e-03
2.1598272138228943e-03
1.1363636363636364e-02
2.0576131687242800e-03
2.0576131687242800e-03
2.1276595744680851e-03
1.0000000000000001e-01
3.3333333333333331e-01
1.0000000000000000e+00
1.0000000000000000e+00
2.0576131687242800e-03
2.0576131687242800e-03
2.0576131687242800e-03
2.0576131687242800e-03
2.5000000000000000e-01
5.0000000000000000e-01
2.0576131687242800e-03
2.0576131687242800e-03
2.0576131687242800e-03
2.0576131687242800e-03
1.0000000000000001e-01
2.0576131687242800e-03
2.0576131687242800e-03
2.0576131687242800e-03
2.0576131687242800e-03
2.0576131687242800e-03
2.0576131687242800e-03
2.0576131687242800e-03
2.0576131687242800e-03
2.0576131687242800e-03
2.0242914979757085e-03
2.0576131687242800e-03
2.0576131687242800e-03
3.3333333333333331e-01
2.0576131687242800e-03
1.0000000000000000e+00
2.0576131687242800e-03
2.0576131687242800e-03
6.2500000000000000e-02
2.0576131687242800e-03
2.0576131687242800e-03
2.0576131687242800e-03
2.0576131687242800e-03
2.1598272138228943e-03
1.0000000000000000e+00
2.0576131687242800e-03
2.1598272138228943e-03
1.0000000000000000e+00
1.0000000000000000e+00
2.0576131687242800e-03
2.9850746268656717e-03
5.0000000000000000e-01
2.1551724137931034e-03
1.0000000000000000e+00
1.0000000000000000e+00
5.0000000000000000e-01
2.0576131687242800e-03
6.2500000000000000e-02
2.8901734104046241e-03
3.8167938931297708e-03
2.3419203747072600e-03
2.0576131687242800e-03
1.0000000000000000e+00
3.3333333333333331e-01
5.0000000000000000e-01
5.0000000000000000e-01
6.3694267515923570e-03
2.0576131687242800e-03
1.0000000000000000e+00
2.8653295128939827e-03
4.7619047619047616e-02
2.0576131687242800e-03
2.0576131687242800e-03
2.3419203747072600e-03
2.0576131687242800e-03
2.0576131687242800e-03
2.3419203747072600e-03
2.0576131687242800e-03
2.1598272138228943e-03
2.0576131687242800e-03
2.0242914979757085e-03
1.0000000000000000e+00
2.0576131687242800e-03
2.0576131687242800e-03
4.3478260869565216e-02
2.8653295128939827e-03
2.0576131687242800e-03
2.0576131687242800e-03
6.2500000000000000e-02
1.0000000000000000e+00
1.4285714285714285e-01
2.8653295128939827e-03
2.8653295128939827e-03
2.0576131687242800e-03
2.9850746268656717e-03
2.0576131687242800e-03
1.6666666666666666e-01
1.0000000000000000e+00
5.0000000000000000e-01
2.0576131687242800e-03
3.0674846625766872e-03
2.0576131687242800e-03
2.0576131687242800e-03
3.3333333333333331e-01
2.8818443804034580e-03
4.9751243781094526e-03
5.0000000000000000e-01
2.5000000000000000e-01
1.2500000000000000e-01
1.0000000000000000e+00
2.1598272138228943e-03
2.0576131687242800e-03
1.0000000000000000e+00
2.0576131687242800e-03
6.6225165562913907e-03
8.3333333333333329e-02
2.8653295128939827e-03
2.3255813953488372e-02
3.3333333333333331e-01
2.0242914979757085e-03
2.0576131687242800e-03
1.0000000000000000e+00
2.0576131687242800e-03
2.0576131687242800e-03
2.8653295128939827e-03
1.0000000000000000e+00
1.2658227848101266e-02
2.0408163265306124e-03
2.0576131687242800e-03
2.0576131687242800e-03
1.0000000000000000e+00
2.0576131687242800e-03
1.0000000000000000e+00
1.0000000000000000e+00
2.0576131687242800e-03
4.9751243781094526e-03
2.0576131687242800e-03
5.0000000000000000e-01
1.0000000000000000e+00
9.0909090909090912e-02
4.1666666666666664e-02
0.0
5.0000000000000000e-01
4.9751243781094526e-03
1.0000000000000000e+00
4.9751243781094526e-03
6.4516129032258064e-03
1.0000000000000000e+00
5.0000000000000000e-01
2.0576131687242800e-03
1.0000000000000000e+00
2.0576131687242800e-03
4.9751243781094526e-03
3.3333333333333331e-01
1.0000000000000000e+00
2.0576131687242800e-03
9.0909090909090912e-02
5.0000000000000000e-01
5.0000000000000000e-01
2.0161290322580645e-03
4.9751243781094526e-03
2.0576131687242800e-03
3.3333333333333331e-01
2.0576131687242800e-03
2.0576131687242800e-03
1.0000000000000000e+00
2.5000000000000000e-01
2.0576131687242800e-03
4.9751243781094526e-03
4.1666666666666664e-02
4.9751243781094526e-03
1.0000000000000000e+00
3.3333333333333331e-01
4.9751243781094526e-03
4.9751243781094526e-03
4.9751243781094526e-03
1.0000000000000000e+00
2.3419203747072600e-03
1.0000000000000000e+00
2.0408163265306121e-02
5.0000000000000000e-01
1.2500000000000000e-01
5.5555555555555552e-02
2.3419203747072600e-03
1.0000000000000000e+00
2.0576131687242800e-03
2.0576131687242800e-03
5.1282051282051282e-03
2.5000000000000000e-01
2.7472527472527475e-03
2.8653295128939827e-03
1.0000000000000000e+00
2.0576131687242800e-03
2.7472527472527475e-03
1.0000000000000000e+00
3.3333333333333331e-01
2.3419203747072600e-03
5.0000000000000003e-02
2.3419203747072600e-03
2.0576131687242800e-03
2.0202020202020202e-03
2.5000000000000000e-01
2.0576131687242800e-03
1.0000000000000000e+00
2.1141649048625794e-03
1.0000000000000000e+00
2.7472527472527475e-03
2.2675736961451248e-03
1.0000000000000000e+00
1.0000000000000000e+00
2.3419203747072600e-03
1.0000000000000000e+00
5.0000000000000000e-01
1.0000000000000000e+00
2.3419203747072600e-03
1.0000000000000000e+00
5.0000000000000000e-01
5.0000000000000000e-01
2.3419203747072600e-03
2.0576131687242800e-03
5.8823529411764705e-02
2.8571428571428571e-03
5.1282051282051282e-03
2.5000000000000000e-01
1.0000000000000000e+00
1.0000000000000000e+00
2.2222222222222223e-02
2.3419203747072600e-03
1.0000000000000000e+00
2.3419203747072600e-03
2.3419203747072600e-03
2.3419203747072600e-03
5.0000000000000000e-01
2.8011204481792717e-03
2.2675736961451248e-03
1.0000000000000000e+00
7.1428571428571425e-02
1.0000000000000000e+00
2.3419203747072600e-03
2.0576131687242800e-03
2.0366598778004071e-03
2.7472527472527475e-03
2.0576131687242800e-03
1.4285714285714285e-01
7.6923076923076927e-02
5.0000000000000000e-01
1.0000000000000000e+00
2.3419203747072600e-03
4.9751243781094526e-03
1.0000000000000000e+00
2.4937655860349127e-03
5.0000000000000000e-01
2.3419203747072600e-03
2.8011204481792717e-03
2.3419203747072600e-03
2.3419203747072600e-03
0.0
2.0366598778004071e-03
2.0576131687242800e-03
2.3419203747072600e-03
5.0000000000000003e-02
2.3419203747072600e-03
5.0000000000000000e-01
1.0000000000000000e+00
2.3419203747072600e-03
2.3696682464454978e-03
1.0000000000000000e+00
2.0576131687242800e-03
2.0576131687242800e-03
2.3419203747072600e-03
1.0000000000000000e+00
2.3419203747072600e-03
1.0000000000000000e+00
2.5000000000000000e-01
2.3419203747072600e-03
1.0000000000000000e+00
4.1666666666666664e-02
1.0000000000000000e+00
2.0000000000000001e-01
4.3478260869565216e-02
5.0000000000000000e-01
1.0000000000000001e-01
4.1666666666666664e-02
2.3419203747072600e-03
2.3419203747072600e-03
7.1428571428571425e-02
2.0366598778004071e-03
1.4285714285714285e-01
6.4102564102564100e-03
2.5000000000000000e-01
1.0000000000000000e+00
2.8901734104046241e-03
2.3419203747072600e-03
7.1428571428571425e-02
5.0000000000000000e-01
1.6666666666666666e-01
5.0000000000000000e-01
2.0366598778004071e-03
1.0000000000000000e+00
1.0000000000000000e+00
1.0000000000000000e+00
3.4482758620689655e-02
2.0000000000000001e-01
2.3419203747072600e-03
2.8653295128939827e-03
3.0030030030030030e-03
2.3419203747072600e-03
3.3333333333333331e-01
2.2675736961451248e-03
2.0576131687242800e-03
2.3419203747072600e-03
1.0000000000000000e+00
2.3419203747072600e-03
2.3419203747072600e-03
4.3478260869565216e-02
2.1276595744680851e-03
2.3419203747072600e-03
2.6315789473684210e-03
2.3419203747072600e-03
2.3419203747072600e-03
1.0000000000000000e+00
2.0366598778004071e-03
2.8571428571428571e-03
2.3419203747072600e-03
2.3419203747072600e-03
2.3419203747072600e-03
2.1413276231263384e-03
2.3419203747072600e-03
2.3419203747072600e-03
2.3419203747072600e-03
1.0000000000000000e+00
1.0000000000000000e+00
2.5000000000000000e-01
2.1276595744680851e-03
1.0000000000000000e+00
2.3419203747072600e-03
5.0000000000000000e-01
5.8823529411764705e-02
1.1111111111111110e-01
1.0000000000000000e+00
5.5555555555555552e-02
2.3419203747072600e-03
5.0000000000000000e-01
1.0000000000000000e+00
2.3419203747072600e-03
2.0576131687242800e-03
7.6923076923076927e-02
2.3419203747072600e-03
1.0000000000000000e+00
1.4285714285714285e-01
5.5555555555555552e-02
6.6666666666666666e-02
2.3419203747072600e-03
5.5555555555555552e-02
2.3419203747072600e-03
2.3419203747072600e-03
2.1413276231263384e-03
2.8901734104046241e-03
1.0000000000000000e+00
1.0000000000000000e+00
2.3419203747072600e-03
7.9365079365079361e-03
2.0576131687242800e-03
1.0000000000000000e+00
2.0000000000000001e-01
2.3419203747072600e-03
2.3419203747072600e-03
1.0000000000000000e+00
2.3419203747072600e-03
3.3003300330033004e-03
1.0000000000000000e+00
2.3419203747072600e-03
5.0000000000000000e-01
1.0000000000000000e+00
3.1250000000000002e-03
1.0000000000000000e+00
2.0920502092050207e-03
4.1666666666666664e-02
2.3419203747072600e-03
2.5000000000000000e-01
4.0000000000000001e-02
5.0000000000000000e-01
5.0000000000000000e-01
5.0000000000000000e-01
5.0000000000000000e-01
3.3333333333333331e-01
5.5555555555555552e-02
3.3333333333333331e-01
2.8571428571428571e-03
2.3419203747072600e-03
2.3419203747072600e-03
2.3419203747072600e-03
1.0000000000000000e+00
2.5906735751295338e-03
1.0000000000000000e+00
6.6666666666666666e-02
2.0576131687242800e-03
1.0000000000000000e+00
7.6923076923076927e-02
3.5211267605633804e-03
1.0000000000000000e+00
2.3419203747072600e-03
5.0000000000000000e-01
2.3419203747072600e-03
2.8985507246376812e-03
1.0000000000000000e+00
5.0000000000000000e-01
2.1413276231263384e-03
1.0000000000000000e+00
2.3419203747072600e-03
1.0000000000000000e+00
2.1551724137931034e-03
2.3419203747072600e-03
2.3980815347721821e-03
2.3419203747072600e-03
1.0000000000000000e+00
2.6041666666666665e-03
2.3419203747072600e-03
1.0000000000000000e+00
2.3419203747072600e-03
2.0920502092050207e-03
2.3419203747072600e-03
9.0909090909090912e-02
1.0000000000000000e+00
1.0000000000000000e+00
5.0000000000000000e-01
2.0920502092050207e-03
2.3419203747072600e-03
2.6385224274406332e-03
2.0576131687242800e-03
1.0000000000000000e+00
1.0000000000000000e+00
4.3478260869565216e-02
7.8740157480314960e-03
1.0000000000000000e+00
3.5714285714285712e-02
5.0000000000000000e-01
2.3419203747072600e-03
1.0000000000000000e+00
2.3419203747072600e-03
1.0000000000000000e+00
2.3419203747072600e-03
2.3419203747072600e-03
2.0000000000000001e-01
1.0000000000000000e+00
3.2258064516129031e-02
2.3419203747072600e-03
2.3419203747072600e-03
2.0161290322580645e-03
2.3419203747072600e-03
3.3898305084745762e-03
2.3419203747072600e-03
2.8571428571428571e-03
2.3419203747072600e-03
5.0000000000000000e-01
2.6385224274406332e-03
1.1111111111111110e-01
2.3419203747072600e-03
2.6109660574412533e-03
4.1666666666666664e-02
2.0920502092050207e-03
2.6109660574412533e-03
2.3419203747072600e-03
2.3419203747072600e-03
2.3419203747072600e-03
2.0408163265306121e-02
4.3478260869565216e-02
1.0000000000000000e+00
5.8139534883720929e-03
2.8985507246376812e-03
1.0000000000000000e+00
3.3333333333333331e-01
2.8901734104046241e-03
1.0000000000000000e+00
1.0000000000000000e+00
2.1739130434782609e-03
1.0000000000000000e+00
2.3419203747072600e-03
2.3419203747072600e-03
1.0000000000000000e+00
1.0000000000000000e+00
1.0000000000000000e+00
2.0408163265306121e-02
3.3898305084745762e-03
2.3419203747072600e-03
1.0000000000000000e+00
3.3333333333333331e-01
2.3419203747072600e-03
4.9751243781094526e-03
3.3333333333333331e-01
2.0000000000000001e-01
5.0000000000000003e-02
1.0000000000000000e+00
1.0000000000000000e+00
3.3333333333333331e-01
5.0000000000000000e-01
1.4285714285714285e-01
5.7803468208092483e-03
4.7619047619047616e-02
3.0303030303030304e-02
1.0000000000000000e+00
1.0000000000000000e+00
2.5000000000000000e-01
1.0000000000000000e+00
1.0000000000000000e+00
2.7777777777777779e-03
1.0000000000000000e+00
2.8985507246376812e-03
5.0000000000000000e-01
3.1250000000000002e-03
2.0000000000000001e-01
2.3419203747072600e-03
2.3419203747072600e-03
1.0000000000000000e+00
2.3419203747072600e-03
5.0000000000000000e-01
2.0576131687242800e-03
5.0000000000000000e-01
1.0000000000000000e+00
5.0000000000000000e-01
2.3419203747072600e-03
2.3419203747072600e-03
3.3222591362126247e-03
5.0000000000000000e-01
1.0000000000000000e+00
3.3333333333333331e-01
1.0000000000000000e+00
5.0000000000000000e-01
5.5555555555555552e-02
2.3419203747072600e-03
2.0576131687242800e-03
1.0000000000000000e+00
5.0000000000000000e-01
1.2500000000000000e-01
2.7624309392265192e-03
1.0000000000000000e+00
3.0674846625766872e-03
3.0303030303030303e-03
1.6666666666666666e-01
5.0000000000000000e-01
1.0000000000000001e-01
2.3419203747072600e-03
1.0000000000000000e+00
1.0000000000000000e+00
1.0000000000000000e+00
3.2258064516129031e-02
1.0000000000000000e+00
2.5000000000000000e-01
1.0000000000000000e+00
2.6385224274406332e-03
1.6666666666666666e-01
2.8985507246376812e-03
5.0000000000000000e-01
2.1551724137931034e-03
5.0000000000000000e-01
2.3584905660377358e-03
1.4285714285714285e-01
4.1666666666666664e-02
