6.5789473684210523e-03
2.8571428571428571e-02
2.8571428571428571e-02
1.0000000000000000e+00
1.0000000000000000e+00
5.0000000000000000e-01
1.0000000000000000e+00
4.3478260869565216e-02
1.0000000000000000e+00
1.0000000000000000e+00
5.0000000000000000e-01
1.5847860538827259e-03
1.4619883040935672e-03
1.4619883040935672e-03
1.5847860538827259e-03
1.6286644951140066e-03
1.5847860538827259e-03
1.5847860538827259e-03
1.4619883040935672e-03
1.4619883040935672e-03
1.4619883040935672e-03
1.5948963317384370e-03
1.4619883040935672e-03
1.4619883040935672e-03
1.4619883040935672e-03
1.4619883040935672e-03
1.4619883040935672e-03
1.4619883040935672e-03
1.4619883040935672e-03
1.4619883040935672e-03
1.4619883040935672e-03
1.4619883040935672e-03
1.4619883040935672e-03
1.4619883040935672e-03
1.5847860538827259e-03
1.5847860538827259e-03
1.5847860538827259e-03
1.5847860538827259e-03
1.5847860538827259e-03
1.5847860538827259e-03
1.5847860538827259e-03
1.3986013986013986e-03
1.5847860538827259e-03
1.5974440894568689e-03
1.3986013986013986e-03
1.5847860538827259e-03
1.5847860538827259e-03
1.5847860538827259e-03
1.5847860538827259e-03
1.5847860538827259e-03
1.5847860538827259e-03
1.5847860538827259e-03
1.5847860538827259e-03
1.5847860538827259e-03
1.5847860538827259e-03
1.5847860538827259e-03
1.5847860538827259e-03
1.5847860538827259e-03
1.5948963317384370e-03
1.3315579227696406e-03
1.5847860538827259e-03
1.5847860538827259e-03
1.3315579227696406e-03
1.3315579227696406e-03
1.5847860538827259e-03
1.5948963317384370e-03
1.5847860538827259e-03
1.3315579227696406e-03
1.5847860538827259e-03
1.5847860538827259e-03
1.5847860538827259e-03
1.5948963317384370e-03
1.5847860538827259e-03
1.5847860538827259e-03
1.4836795252225520e-03
1.5847860538827259e-03
1.5847860538827259e-03
1.5847860538827259e-03
1.5847860538827259e-03
1.5847860538827259e-03
1.5847860538827259e-03
1.5847860538827259e-03
1.3315579227696406e-03
1.5847860538827259e-03
1.5847860538827259e-03
1.5948963317384370e-03
1.5847860538827259e-03
1.5847860538827259e-03
1.5847860538827259e-03
1.5847860538827259e-03
1.5847860538827259e-03
1.5847860538827259e-03
1.5847860538827259e-03
1.5847860538827259e-03
1.5847860538827259e-03
1.5847860538827259e-03
1.5847860538827259e-03
1.5948963317384370e-03
1.5847860538827259e-03
1.5847860538827259e-03
1.5923566878980893e-03
1.5948963317384370e-03
1.5847860538827259e-03
1.5923566878980893e-03
1.5948963317384370e-03
1.5923566878980893e-03
1.5923566878980893e-03
1.5948963317384370e-03
1.5847860538827259e-03
1.5923566878980893e-03
1.5948963317384370e-03
1.5948963317384370e-03
1.5948963317384370e-03
1.5847860538827259e-03
1.5847860538827259e-03
1.5948963317384370e-03
1.5948963317384370e-03
1.5948963317384370e-03
1.5948963317384370e-03
1.5948963317384370e-03
1.5948963317384370e-03
1.5948963317384370e-03
1.5948963317384370e-03
1.5948963317384370e-03
1.5948963317384370e-03
1.5923566878980893e-03
1.6260162601626016e-03
1.5290519877675841e-03
1.5948963317384370e-03
1.5948963317384370e-03
1.5948963317384370e-03
1.5923566878980893e-03
1.5923566878980893e-03
1.5948963317384370e-03
1.5948963317384370e-03
1.5948963317384370e-03
1.5948963317384370e-03
1.5923566878980893e-03
1.5948963317384370e-03
1.5948963317384370e-03
1.5923566878980893e-03
1.5948963317384370e-03
1.5948963317384370e-03
1.5923566878980893e-03
1.5948963317384370e-03
1.5290519877675841e-03
1.5948963317384370e-03
1.5948963317384370e-03
1.5948963317384370e-03
1.5948963317384370e-03
1.5948963317384370e-03
1.5948963317384370e-03
1.5923566878980893e-03
1.5948963317384370e-03
1.5948963317384370e-03
1.5948963317384370e-03
1.5948963317384370e-03
1.5948963317384370e-03
1.5948963317384370e-03
1.5948963317384370e-03
1.5290519877675841e-03
1.5948963317384370e-03
1.5948963317384370e-03
1.5948963317384370e-03
1.5290519877675841e-03
1.5923566878980893e-03
1.5948963317384370e-03
1.5948963317384370e-03
1.5923566878980893e-03
1.5290519877675841e-03
1.5290519877675841e-03
1.5360983102918587e-03
1.5948963317384370e-03
1.5948963317384370e-03
1.5923566878980893e-03
1.5948963317384370e-03
1.5923566878980893e-03
1.5948963317384370e-03
1.5948963317384370e-03
1.5360983102918587e-03
1.5360983102918587e-03
1.5360983102918587e-03
1.6260162601626016e-03
1.5360983102918587e-03
1.5948963317384370e-03
1.5923566878980893e-03
1.5923566878980893e-03
1.5948963317384370e-03
1.5948963317384370e-03
1.3315579227696406e-03
1.5948963317384370e-03
1.5290519877675841e-03
1.5360983102918587e-03
1.5948963317384370e-03
1.5948963317384370e-03
1.5360983102918587e-03
1.5948963317384370e-03
1.5948963317384370e-03
1.5948963317384370e-03
1.5948963317384370e-03
1.5948963317384370e-03
1.5948963317384370e-03
1.5360983102918587e-03
1.5360983102918587e-03
1.5360983102918587e-03
1.5948963317384370e-03
1.5360983102918587e-03
1.5948963317384370e-03
1.5948963317384370e-03
1.5948963317384370e-03
1.5948963317384370e-03
1.5948963317384370e-03
1.5948963317384370e-03
1.5948963317384370e-03
1.5948963317384370e-03
1.5948963317384370e-03
1.5948963317384370e-03
1.5948963317384370e-03
1.5948963317384370e-03
1.5948963317384370e-03
1.5948963317384370e-03
1.5948963317384370e-03
1.5948963317384370e-03
1.5948963317384370e-03
1.5948963317384370e-03
1.5948963317384370e-03
1.5948963317384370e-03
1.5360983102918587e-03
1.5948963317384370e-03
1.5948963317384370e-03
1.5948963317384370e-03
1.5948963317384370e-03
1.5948963317384370e-03
1.5948963317384370e-03
1.5948963317384370e-03
1.5948963317384370e-03
1.5948963317384370e-03
1.5948963317384370e-03
1.5948963317384370e-03
1.5948963317384370e-03
1.5948963317384370e-03
1.5948963317384370e-03
1.5948963317384370e-03
1.5948963317384370e-03
1.5948963317384370e-03
1.5948963317384370e-03
1.5948963317384370e-03
1.5948963317384370e-03
1.5948963317384370e-03
1.5948963317384370e-03
1.5948963317384370e-03
1.5948963317384370e-03
1.5948963317384370e-03
1.5948963317384370e-03
1.5948963317384370e-03
1.5948963317384370e-03
1.5948963317384370e-03
1.5360983102918587e-03
1.5948963317384370e-03
1.5948963317384370e-03
1.5267175572519084e-03
1.5948963317384370e-03
1.5948963317384370e-03
1.5948963317384370e-03
1.5948963317384370e-03
1.5360983102918587e-03
1.5360983102918587e-03
1.5948963317384370e-03
1.5360983102918587e-03
1.5948963317384370e-03
1.5974440894568689e-03
1.5948963317384370e-03
1.5948963317384370e-03
1.5948963317384370e-03
1.5360983102918587e-03
1.5360983102918587e-03
1.5948963317384370e-03
1.5948963317384370e-03
1.5360983102918587e-03
1.5948963317384370e-03
1.5360983102918587e-03
1.5360983102918587e-03
1.5360983102918587e-03
1.5360983102918587e-03
1.5360983102918587e-03
1.5360983102918587e-03
1.5360983102918587e-03
1.5974440894568689e-03
1.5360983102918587e-03
1.5360983102918587e-03
1.6260162601626016e-03
1.5360983102918587e-03
1.5360983102918587e-03
1.5847860538827259e-03
1.5360983102918587e-03
1.5360983102918587e-03
1.5360983102918587e-03
1.5974440894568689e-03
1.6260162601626016e-03
1.5360983102918587e-03
1.5360983102918587e-03
1.5360983102918587e-03
1.5360983102918587e-03
1.5360983102918587e-03
1.5360983102918587e-03
1.5360983102918587e-03
1.6260162601626016e-03
1.5360983102918587e-03
1.5360983102918587e-03
1.5360983102918587e-03
1.5360983102918587e-03
1.5847860538827259e-03
1.5360983102918587e-03
1.5974440894568689e-03
1.5360983102918587e-03
1.5360983102918587e-03
1.5360983102918587e-03
1.5360983102918587e-03
1.5360983102918587e-03
1.5360983102918587e-03
1.5360983102918587e-03
1.5360983102918587e-03
1.5360983102918587e-03
1.5974440894568689e-03
1.5360983102918587e-03
1.6260162601626016e-03
1.5360983102918587e-03
1.5360983102918587e-03
1.5360983102918587e-03
1.5974440894568689e-03
1.5974440894568689e-03
1.5360983102918587e-03
1.5974440894568689e-03
1.5974440894568689e-03
1.5974440894568689e-03
1.5360983102918587e-03
1.5360983102918587e-03
1.5360983102918587e-03
1.5360983102918587e-03
1.5360983102918587e-03
1.5360983102918587e-03
1.5360983102918587e-03
1.5360983102918587e-03
1.5360983102918587e-03
1.5360983102918587e-03
1.5360983102918587e-03
1.5360983102918587e-03
1.5360983102918587e-03
1.5360983102918587e-03
1.5360983102918587e-03
1.6260162601626016e-03
1.5360983102918587e-03
1.5360983102918587e-03
1.5360983102918587e-03
1.5360983102918587e-03
1.5360983102918587e-03
1.5360983102918587e-03
1.5360983102918587e-03
1.5360983102918587e-03
1.5360983102918587e-03
1.5360983102918587e-03
1.5360983102918587e-03
1.5360983102918587e-03
1.5360983102918587e-03
1.5360983102918587e-03
1.5360983102918587e-03
1.5360983102918587e-03
1.6313213703099511e-03
1.6286644951140066e-03
1.6260162601626016e-03
1.5360983102918587e-03
1.5360983102918587e-03
1.5360983102918587e-03
1.5360983102918587e-03
1.6260162601626016e-03
1.5360983102918587e-03
1.5360983102918587e-03
1.5360983102918587e-03
1.5360983102918587e-03
1.5974440894568689e-03
1.6077170418006431e-03
1.5360983102918587e-03
1.5360983102918587e-03
1.5360983102918587e-03
1.6260162601626016e-03
1.5360983102918587e-03
1.5360983102918587e-03
1.5974440894568689e-03
1.5360983102918587e-03
1.5360983102918587e-03
1.5360983102918587e-03
1.5360983102918587e-03
1.6260162601626016e-03
1.5360983102918587e-03
1.5360983102918587e-03
1.5360983102918587e-03
1.5360983102918587e-03
1.5360983102918587e-03
1.5360983102918587e-03
1.6260162601626016e-03
1.5360983102918587e-03
1.5360983102918587e-03
1.5360983102918587e-03
1.5360983102918587e-03
1.6286644951140066e-03
1.6393442622950820e-03
1.5360983102918587e-03
1.6393442622950820e-03
1.5360983102918587e-03
1.5360983102918587e-03
1.5360983102918587e-03
1.5360983102918587e-03
1.5360983102918587e-03
1.5360983102918587e-03
1.5360983102918587e-03
1.5360983102918587e-03
1.5360983102918587e-03
1.5360983102918587e-03
1.5360983102918587e-03
1.5360983102918587e-03
1.5360983102918587e-03
1.5360983102918587e-03
1.5267175572519084e-03
1.5360983102918587e-03
1.6393442622950820e-03
1.5360983102918587e-03
1.6155088852988692e-03
1.6155088852988692e-03
1.6077170418006431e-03
1.6207455429497568e-03
1.5360983102918587e-03
1.6155088852988692e-03
1.6207455429497568e-03
1.6077170418006431e-03
1.5360983102918587e-03
1.6207455429497568e-03
1.6207455429497568e-03
1.5360983102918587e-03
4.9751243781094526e-03
1.6286644951140066e-03
1.6366612111292963e-03
2.7624309392265192e-03
1.6393442622950820e-03
1.5923566878980893e-03
4.8780487804878049e-03
1.6077170418006431e-03
1.5360983102918587e-03
1.6286644951140066e-03
1.6286644951140066e-03
1.5923566878980893e-03
1.5923566878980893e-03
1.5923566878980893e-03
1.6260162601626016e-03
1.6339869281045752e-03
1.5923566878980893e-03
1.6286644951140066e-03
1.6339869281045752e-03
1.6286644951140066e-03
1.5948963317384370e-03
1.5060240963855422e-03
1.5923566878980893e-03
1.6233766233766235e-03
4.9751243781094526e-03
4.9751243781094526e-03
1.6286644951140066e-03
4.9751243781094526e-03
1.5948963317384370e-03
1.5948963317384370e-03
1.6233766233766235e-03
4.9751243781094526e-03
1.6286644951140066e-03
4.9751243781094526e-03
1.6233766233766235e-03
1.6233766233766235e-03
1.6286644951140066e-03
1.6233766233766235e-03
4.9261083743842365e-03
4.9751243781094526e-03
1.6286644951140066e-03
1.6025641025641025e-03
1.6129032258064516e-03
1.6286644951140066e-03
1.6286644951140066e-03
1.5384615384615385e-03
1.6420361247947454e-03
1.9379844961240310e-03
1.6025641025641025e-03
1.6233766233766235e-03
1.4144271570014145e-03
1.5576323987538940e-03
1.6233766233766235e-03
4.9751243781094526e-03
1.6286644951140066e-03
1.6286644951140066e-03
1.6233766233766235e-03
1.6286644951140066e-03
1.6339869281045752e-03
1.6233766233766235e-03
1.6286644951140066e-03
1.6286644951140066e-03
4.9751243781094526e-03
1.6286644951140066e-03
1.3262599469496021e-03
4.9751243781094526e-03
1.6366612111292963e-03
2.2371364653243847e-03
2.2371364653243847e-03
1.6286644951140066e-03
1.6286644951140066e-03
1.6339869281045752e-03
1.6286644951140066e-03
2.7624309392265192e-03
1.6286644951140066e-03
1.4245014245014246e-03
1.6286644951140066e-03
1.6286644951140066e-03
1.6286644951140066e-03
4.9751243781094526e-03
1.6286644951140066e-03
1.6286644951140066e-03
1.6286644951140066e-03
4.9751243781094526e-03
1.6286644951140066e-03
1.6286644951140066e-03
1.6286644951140066e-03
1.6286644951140066e-03
1.6286644951140066e-03
4.9751243781094526e-03
1.6286644951140066e-03
1.6286644951140066e-03
1.6286644951140066e-03
4.9751243781094526e-03
1.6286644951140066e-03
1.6286644951140066e-03
1.6286644951140066e-03
1.6286644951140066e-03
1.6286644951140066e-03
1.6286644951140066e-03
4.9751243781094526e-03
1.6286644951140066e-03
1.6286644951140066e-03
1.6722408026755853e-03
4.9751243781094526e-03
4.9751243781094526e-03
4.9751243781094526e-03
1.6339869281045752e-03
1.6339869281045752e-03
1.6286644951140066e-03
1.6286644951140066e-03
1.6286644951140066e-03
4.9751243781094526e-03
5.2910052910052907e-03
1.6722408026755853e-03
1.6286644951140066e-03
1.6286644951140066e-03
1.6286644951140066e-03
1.6286644951140066e-03
1.6286644951140066e-03
1.6286644951140066e-03
1.6286644951140066e-03
1.6286644951140066e-03
1.6286644951140066e-03
1.6286644951140066e-03
4.9751243781094526e-03
1.6286644951140066e-03
1.6286644951140066e-03
1.6286644951140066e-03
1.6286644951140066e-03
2.7624309392265192e-03
1.6286644951140066e-03
4.9751243781094526e-03
1.6286644951140066e-03
4.9751243781094526e-03
1.6286644951140066e-03
4.9751243781094526e-03
1.6286644951140066e-03
1.6286644951140066e-03
1.6286644951140066e-03
4.9751243781094526e-03
4.9751243781094526e-03
1.6286644951140066e-03
1.6286644951140066e-03
1.6286644951140066e-03
1.6286644951140066e-03
4.9751243781094526e-03
2.7624309392265192e-03
1.6286644951140066e-03
1.6286644951140066e-03
1.6286644951140066e-03
2.7624309392265192e-03
5.1020408163265302e-03
1.6286644951140066e-03
2.7624309392265192e-03
4.9751243781094526e-03
2.7624309392265192e-03
1.6313213703099511e-03
2.7624309392265192e-03
1.6286644951140066e-03
2.7624309392265192e-03
2.7624309392265192e-03
2.7624309392265192e-03
2.7624309392265192e-03
1.6286644951140066e-03
2.7624309392265192e-03
1.6366612111292963e-03
1.6286644951140066e-03
1.6286644951140066e-03
4.9751243781094526e-03
1.6286644951140066e-03
1.6286644951140066e-03
2.7624309392265192e-03
4.8780487804878049e-03
5.2910052910052907e-03
4.9751243781094526e-03
1.6286644951140066e-03
1.5060240963855422e-03
1.6339869281045752e-03
4.9751243781094526e-03
5.1020408163265302e-03
1.6366612111292963e-03
4.8780487804878049e-03
4.8780487804878049e-03
5.2910052910052907e-03
2.7624309392265192e-03
2.7624309392265192e-03
1.6366612111292963e-03
2.7624309392265192e-03
1.6077170418006431e-03
2.7624309392265192e-03
4.5045045045045045e-03
1.6366612111292963e-03
2.7624309392265192e-03
4.5045045045045045e-03
4.8780487804878049e-03
4.5045045045045045e-03
2.7624309392265192e-03
2.7624309392265192e-03
1.6025641025641025e-03
4.4052863436123352e-03
5.2910052910052907e-03
4.8780487804878049e-03
1.6366612111292963e-03
4.4052863436123352e-03
1.6366612111292963e-03
1.6339869281045752e-03
2.7624309392265192e-03
2.7624309392265192e-03
2.2123893805309734e-03
1.6835016835016834e-03
1.6339869281045752e-03
1.6366612111292963e-03
1.5974440894568689e-03
2.7624309392265192e-03
1.6339869281045752e-03
1.6722408026755853e-03
1.6339869281045752e-03
5.2910052910052907e-03
5.2910052910052907e-03
4.5045045045045045e-03
1.6103059581320451e-03
5.2910052910052907e-03
5.2910052910052907e-03
2.7624309392265192e-03
1.6339869281045752e-03
1.6313213703099511e-03
4.5045045045045045e-03
1.6103059581320451e-03
4.8780487804878049e-03
1.6339869281045752e-03
5.2910052910052907e-03
5.2910052910052907e-03
1.6393442622950820e-03
1.6393442622950820e-03
4.8780487804878049e-03
4.2918454935622317e-03
4.8780487804878049e-03
4.2918454935622317e-03
4.4247787610619468e-03
4.2918454935622317e-03
1.6339869281045752e-03
4.8780487804878049e-03
4.2918454935622317e-03
4.2918454935622317e-03
4.2918454935622317e-03
4.2918454935622317e-03
5.0505050505050509e-03
1.6339869281045752e-03
1.6286644951140066e-03
1.6313213703099511e-03
5.3763440860215058e-03
1.6286644951140066e-03
5.0505050505050509e-03
6.5789473684210523e-03
1.6313213703099511e-03
1.6286644951140066e-03
1.6286644951140066e-03
5.0505050505050509e-03
5.0505050505050509e-03
5.7471264367816091e-03
4.8543689320388345e-03
1.6393442622950820e-03
5.0000000000000001e-03
1.6393442622950820e-03
5.0000000000000001e-03
4.4052863436123352e-03
1.6339869281045752e-03
4.9019607843137254e-03
1.6233766233766235e-03
1.6420361247947454e-03
1.6420361247947454e-03
1.6233766233766235e-03
5.2910052910052907e-03
1.6233766233766235e-03
4.5248868778280547e-03
4.8543689320388345e-03
1.6286644951140066e-03
1.6286644951140066e-03
1.6233766233766235e-03
4.8780487804878049e-03
4.8780487804878049e-03
1.6420361247947454e-03
1.6233766233766235e-03
4.7169811320754715e-03
4.7169811320754715e-03
1.6420361247947454e-03
1.6474464579901153e-03
4.9019607843137254e-03
4.8543689320388345e-03
4.8543689320388345e-03
4.8543689320388345e-03
1.6286644951140066e-03
4.8543689320388345e-03
4.8543689320388345e-03
4.9019607843137254e-03
6.3291139240506328e-03
1.6286644951140066e-03
4.0816326530612249e-03
5.0761421319796950e-03
4.0816326530612249e-03
5.1282051282051282e-03
1.6366612111292963e-03
5.0000000000000001e-03
1.6447368421052631e-03
5.2083333333333330e-03
5.0761421319796950e-03
5.5865921787709499e-03
2.7624309392265192e-03
2.7624309392265192e-03
5.2083333333333330e-03
1.6260162601626016e-03
5.4347826086956520e-03
4.9019607843137254e-03
5.4347826086956520e-03
5.2083333333333330e-03
4.8780487804878049e-03
6.4102564102564100e-03
5.2083333333333330e-03
1.0000000000000000e+00
5.2631578947368420e-03
4.4052863436123352e-03
1.6528925619834710e-03
5.0505050505050509e-03
1.6420361247947454e-03
5.2631578947368420e-03
5.1020408163265302e-03
1.6313213703099511e-03
1.6286644951140066e-03
5.2910052910052907e-03
5.2083333333333330e-03
1.6313213703099511e-03
5.2356020942408380e-03
5.4945054945054949e-03
5.4945054945054949e-03
1.6313213703099511e-03
7.2992700729927005e-03
8.3333333333333329e-02
4.7846889952153108e-03
4.7846889952153108e-03
6.0606060606060606e-03
7.2463768115942030e-03
1.0000000000000000e+00
1.0000000000000000e+00
5.6497175141242938e-03
1.6366612111292963e-03
8.9285714285714281e-03
8.9285714285714281e-03
5.8479532163742687e-03
5.3475935828877002e-03
5.0505050505050509e-03
5.4347826086956520e-03
1.5360983102918587e-03
1.6339869281045752e-03
9.8039215686274508e-03
1.6339869281045752e-03
1.6339869281045752e-03
1.0000000000000000e+00
1.0000000000000000e+00
1.0000000000000000e+00
8.1967213114754103e-03
1.6155088852988692e-03
1.6155088852988692e-03
1.6155088852988692e-03
6.8027210884353739e-03
6.8027210884353739e-03
6.0240963855421690e-03
6.8027210884353739e-03
8.3333333333333329e-02
5.4347826086956520e-03
1.0000000000000000e+00
8.0000000000000002e-03
5.4347826086956520e-03
9.7087378640776691e-03
6.9930069930069930e-03
7.5187969924812026e-03
9.7087378640776691e-03
5.3763440860215058e-03
9.0909090909090912e-02
5.2631578947368418e-02
5.7471264367816091e-03
5.5555555555555552e-02
5.8479532163742687e-03
5.7471264367816091e-03
1.0000000000000001e-01
7.6923076923076927e-02
9.0909090909090912e-02
2.1645021645021645e-03
2.3255813953488372e-02
1.0000000000000001e-01
1.6393442622950821e-02
1.0000000000000000e+00
2.1739130434782608e-02
7.6335877862595417e-03
5.0000000000000000e-01
5.2631578947368418e-02
7.1428571428571425e-02
1.0869565217391304e-02
1.6129032258064516e-02
8.3333333333333329e-02
1.7857142857142856e-02
1.5974440894568689e-03
1.7857142857142856e-02
1.9607843137254902e-02
8.3333333333333329e-02
2.5000000000000000e-01
1.6129032258064516e-02
1.6129032258064516e-02
1.6129032258064516e-02
1.6129032258064516e-02
4.7619047619047616e-02
1.6129032258064516e-02
1.6129032258064516e-02
1.6129032258064516e-02
1.6129032258064516e-02
1.6129032258064516e-02
1.6129032258064516e-02
1.6129032258064516e-02
8.3333333333333329e-02
1.7543859649122806e-02
1.0000000000000001e-01
4.7619047619047616e-02
1.9230769230769232e-02
3.3333333333333331e-01
5.0000000000000000e-01
1.7543859649122806e-02
2.0408163265306121e-02
1.6339869281045752e-03
5.0000000000000000e-01
1.6750418760469012e-03
1.1111111111111110e-01
1.7543859649122806e-02
8.3333333333333329e-02
1.6666666666666666e-02
1.6666666666666666e-02
1.1111111111111110e-01
2.6315789473684209e-02
1.2500000000000000e-01
1.7543859649122806e-02
1.7543859649122806e-02
1.7543859649122806e-02
1.7543859649122806e-02
1.7543859649122806e-02
1.7543859649122806e-02
1.7543859649122806e-02
1.7543859649122806e-02
1.2500000000000000e-01
5.0000000000000000e-01
1.2500000000000000e-01
1.6666666666666666e-02
1.1111111111111110e-01
4.0000000000000001e-02
8.4745762711864406e-03
1.9230769230769232e-02
1.9230769230769232e-02
1.9230769230769232e-02
2.5000000000000000e-01
1.0000000000000001e-01
1.8867924528301886e-02
2.0833333333333332e-02
1.0000000000000000e+00
1.9607843137254902e-02
2.5000000000000000e-01
1.1111111111111110e-01
5.0000000000000000e-01
1.6949152542372881e-02
5.0000000000000000e-01
5.0000000000000000e-01
1.9230769230769232e-02
1.6949152542372881e-02
5.0000000000000000e-01
5.0000000000000000e-01
1.0000000000000001e-01
1.7241379310344827e-02
5.0000000000000000e-01
1.0000000000000000e+00
5.2631578947368418e-02
2.5000000000000000e-01
2.0408163265306121e-02
3.3333333333333331e-01
3.3333333333333331e-01
1.4492753623188406e-02
2.0000000000000001e-01
1.6366612111292963e-03
2.3809523809523808e-02
1.6666666666666666e-01
1.8867924528301886e-02
1.4492753623188406e-02
2.0833333333333332e-02
2.3809523809523808e-02
1.4492753623188406e-02
2.3809523809523808e-02
2.3809523809523808e-02
2.3809523809523808e-02
1.4492753623188406e-02
2.3809523809523808e-02
1.4492753623188406e-02
2.6315789473684209e-02
1.7857142857142856e-02
1.9607843137254902e-02
5.0000000000000000e-01
2.3809523809523808e-02
2.3255813953488372e-02
2.0000000000000001e-01
1.0000000000000000e+00
4.3290043290043290e-03
2.0000000000000001e-01
4.3478260869565218e-03
2.5000000000000000e-01
1.1111111111111110e-01
1.0000000000000000e+00
4.3290043290043290e-03
3.1250000000000000e-02
1.9607843137254902e-02
2.5000000000000000e-01
2.5000000000000000e-01
2.5000000000000000e-01
2.3255813953488372e-02
1.4285714285714285e-01
2.4390243902439025e-02
3.7037037037037035e-02
2.1276595744680851e-02
3.1250000000000000e-02
2.6315789473684209e-02
3.1250000000000000e-02
1.2500000000000000e-01
2.3809523809523808e-02
1.0000000000000000e+00
3.1250000000000000e-02
2.6315789473684209e-02
1.4285714285714285e-01
2.3809523809523808e-02
3.1250000000000000e-02
2.1276595744680851e-02
2.5641025641025640e-02
2.8571428571428571e-02
2.1276595744680851e-02
2.1276595744680851e-02
2.1276595744680851e-02
7.6923076923076927e-02
2.1276595744680851e-02
2.1276595744680851e-02
2.1276595744680851e-02
2.1276595744680851e-02
2.1276595744680851e-02
2.1276595744680851e-02
2.5000000000000000e-01
4.3478260869565216e-02
5.0000000000000000e-01
2.6315789473684209e-02
2.4390243902439025e-02
1.0000000000000000e+00
4.3859649122807015e-03
2.5000000000000000e-01
4.3478260869565216e-02
2.5000000000000000e-01
4.3478260869565216e-02
2.0000000000000001e-01
5.0000000000000000e-01
1.0000000000000000e+00
1.0416666666666666e-02
3.5714285714285712e-02
2.3809523809523808e-02
2.4390243902439025e-02
2.0000000000000001e-01
2.4390243902439025e-02
2.5000000000000000e-01
5.5555555555555552e-02
2.3809523809523808e-02
2.3809523809523808e-02
1.0000000000000000e+00
1.4285714285714285e-01
2.4390243902439025e-02
4.5454545454545456e-02
1.0000000000000000e+00
5.0000000000000000e-01
5.0000000000000000e-01
5.0000000000000000e-01
2.5000000000000000e-01
5.0000000000000000e-01
2.7777777777777776e-02
5.0000000000000000e-01
1.0000000000000000e+00
4.9019607843137254e-03
1.0000000000000000e+00
1.0000000000000000e+00
5.0000000000000000e-01
2.0000000000000001e-01
2.0000000000000001e-01
1.0000000000000000e+00
2.0000000000000001e-01
3.3333333333333331e-01
1.0000000000000000e+00
1.0000000000000000e+00
1.0000000000000001e-01
1.6666666666666666e-02
1.0000000000000000e+00
3.3333333333333331e-01
3.3333333333333331e-01
5.0000000000000000e-01
1.1111111111111110e-01
3.3333333333333331e-01
1.1111111111111110e-01
2.0000000000000001e-01
2.0000000000000001e-01
1.6666666666666666e-01
3.3333333333333331e-01
5.0000000000000000e-01
3.3333333333333331e-01
1.0000000000000000e+00
1.1111111111111110e-01
1.6666666666666666e-01
2.0000000000000001e-01
2.0000000000000001e-01
2.0000000000000001e-01
1.4285714285714285e-01
3.3333333333333331e-01
1.0000000000000000e+00
2.0000000000000001e-01
2.0000000000000001e-01
1.4285714285714285e-01
2.0000000000000001e-01
3.3333333333333331e-01
2.0000000000000001e-01
2.0000000000000001e-01
2.5000000000000000e-01
5.0000000000000000e-01
3.3333333333333331e-01
3.3333333333333331e-01
1.2500000000000000e-01
4.3478260869565216e-02
2.5000000000000000e-01
4.3478260869565216e-02
4.7619047619047616e-02
4.3478260869565216e-02
1.0000000000000000e+00
4.3478260869565216e-02
4.3478260869565216e-02
2.5000000000000000e-01
2.5000000000000000e-01
5.0000000000000000e-01
4.3478260869565216e-02
4.3478260869565216e-02
5.0000000000000000e-01
3.3333333333333331e-01
4.3478260869565216e-02
5.0000000000000000e-01
4.3478260869565216e-02
1.0000000000000000e+00
4.3478260869565216e-02
4.3478260869565216e-02
4.3478260869565216e-02
4.3478260869565216e-02
4.3478260869565216e-02
1.0000000000000000e+00
2.0000000000000001e-01
2.0000000000000001e-01
4.3478260869565216e-02
2.0000000000000001e-01
1.0000000000000000e+00
4.3478260869565216e-02
5.0000000000000000e-01
1.0000000000000000e+00
1.0000000000000000e+00
4.3478260869565216e-02
4.7619047619047616e-02
4.3478260869565216e-02
4.3478260869565216e-02
2.0000000000000001e-01
4.7619047619047616e-02
4.7619047619047616e-02
5.5555555555555552e-02
3.3333333333333331e-01
2.0000000000000001e-01
4.7619047619047616e-02
5.0000000000000003e-02
4.5454545454545456e-02
5.5555555555555552e-02
5.0000000000000003e-02
7.1428571428571425e-02
5.2631578947368418e-02
5.5555555555555552e-02
7.6923076923076927e-02
4.5454545454545456e-02
4.7619047619047616e-02
1.0000000000000000e+00
4.3478260869565216e-02
5.0000000000000000e-01
5.5555555555555552e-02
4.3478260869565216e-02
5.0000000000000000e-01
1.0000000000000000e+00
1.0000000000000000e+00
3.8461538461538464e-02
5.0000000000000000e-01
1.0000000000000000e+00
5.8823529411764705e-02
1.0000000000000000e+00
4.5454545454545456e-02
1.0000000000000000e+00
1.0000000000000000e+00
1.0000000000000001e-01
5.0000000000000000e-01
1.0000000000000001e-01
1.0000000000000001e-01
1.0000000000000000e+00
1.0000000000000001e-01
1.0000000000000000e+00
1.0000000000000001e-01
9.0909090909090912e-02
1.0000000000000000e+00
5.0000000000000000e-01
5.0000000000000000e-01
1.0000000000000000e+00
1.0000000000000000e+00
1.0000000000000000e+00
1.0000000000000000e+00
9.0909090909090912e-02
1.0000000000000000e+00
1.0000000000000000e+00
1.0000000000000000e+00
3.3333333333333331e-01
5.0000000000000000e-01
5.0000000000000000e-01
1.0000000000000001e-01
1.0000000000000000e+00
1.0000000000000000e+00
1.0000000000000001e-01
1.0000000000000000e+00
1.0000000000000000e+00
1.0000000000000000e+00
1.0000000000000000e+00
1.0000000000000000e+00
5.0000000000000000e-01
1.0000000000000000e+00
1.0000000000000000e+00
5.0000000000000000e-01
5.0000000000000000e-01
1.0000000000000001e-01
1.0000000000000000e+00
1.0000000000000000e+00
5.0000000000000000e-01
8.3333333333333329e-02
6.6666666666666666e-02
1.0000000000000000e+00
5.0000000000000000e-01
1.0000000000000000e+00
1.0000000000000000e+00
5.0000000000000000e-01
5.0000000000000000e-01
5.0000000000000000e-01
1.0000000000000000e+00
1.1235955056179775e-02
1.2345679012345678e-02
1.4285714285714285e-01
5.0000000000000000e-01
1.1235955056179775e-02
1.2345679012345678e-02
1.1235955056179775e-02
1.2345679012345678e-02
1.1235955056179775e-02
1.2345679012345678e-02
1.0000000000000000e+00
1.1235955056179775e-02
1.2345679012345678e-02
3.3333333333333331e-01
1.0000000000000000e+00
1.0000000000000000e+00
5.8139534883720929e-03
5.4945054945054949e-03
1.0000000000000000e+00
1.0000000000000000e+00
1.0000000000000000e+00
1.0000000000000001e-01
1.2658227848101266e-02
1.1904761904761904e-02
1.2820512820512820e-02
9.4339622641509430e-03
2.5000000000000000e-01
2.9411764705882353e-02
1.0000000000000000e+00
9.0909090909090912e-02
2.5000000000000000e-01
2.1276595744680851e-02
1.1904761904761904e-02
1.1627906976744186e-02
1.2048192771084338e-02
1.2820512820512820e-02
1.2048192771084338e-02
1.2820512820512820e-02
1.2048192771084338e-02
1.0000000000000001e-01
2.1276595744680851e-02
1.1904761904761904e-02
3.3333333333333331e-01
1.1494252873563218e-02
7.4626865671641790e-03
3.3333333333333331e-01
1.0638297872340425e-02
1.2048192771084338e-02
1.1111111111111110e-01
1.0000000000000001e-01
1.0000000000000000e+00
1.2658227848101266e-02
1.2345679012345678e-02
1.1111111111111110e-01
2.0000000000000000e-02
2.2727272727272728e-02
2.0000000000000000e-02
1.5151515151515152e-02
1.0000000000000000e+00
1.0000000000000000e+00
1.2820512820512820e-02
1.2048192771084338e-02
3.3333333333333331e-01
1.1627906976744186e-02
1.1904761904761904e-02
1.2820512820512820e-02
1.2195121951219513e-02
1.2820512820512820e-02
1.2195121951219513e-02
1.0000000000000001e-01
1.0000000000000000e+00
2.0000000000000000e-02
1.1904761904761904e-02
1.2048192771084338e-02
1.5873015873015872e-02
3.3333333333333331e-01
2.5000000000000000e-01
1.0000000000000000e+00
1.0000000000000000e+00
1.0000000000000000e+00
1.0000000000000000e+00
1.2500000000000000e-01
1.2820512820512820e-02
1.2048192771084338e-02
1.2820512820512820e-02
1.2195121951219513e-02
1.0000000000000000e+00
1.0000000000000001e-01
3.3333333333333331e-01
3.2258064516129031e-02
2.0000000000000000e-02
1.0000000000000000e+00
5.0000000000000000e-01
1.2820512820512820e-02
1.5873015873015872e-02
2.5000000000000000e-01
1.0000000000000000e+00
9.0909090909090912e-02
1.0000000000000000e+00
1.9607843137254902e-02
1.1904761904761904e-02
1.0000000000000001e-01
1.2820512820512820e-02
1.2195121951219513e-02
8.3333333333333329e-02
1.2987012987012988e-02
1.2048192771084338e-02
2.3255813953488372e-02
7.7519379844961239e-03
1.2658227848101266e-02
1.2345679012345678e-02
1.1494252873563218e-02
8.0000000000000002e-03
1.2658227848101266e-02
9.8039215686274508e-03
1.0000000000000000e+00
1.0000000000000000e+00
3.8461538461538464e-02
3.8461538461538464e-02
5.2631578947368418e-02
1.2500000000000001e-02
1.4285714285714285e-01
3.3333333333333331e-01
1.0000000000000001e-01
1.2658227848101266e-02
1.2345679012345678e-02
4.7619047619047616e-02
5.2631578947368418e-02
9.0909090909090912e-02
8.6206896551724137e-03
1.1494252873563218e-02
9.0909090909090905e-03
3.3333333333333331e-01
2.5000000000000000e-01
1.1363636363636364e-02
1.1904761904761904e-02
7.7519379844961239e-03
5.4945054945054949e-03
2.9411764705882353e-02
2.5000000000000000e-01
1.2658227848101266e-02
9.8039215686274508e-03
5.0000000000000000e-01
2.5000000000000000e-01
1.1494252873563218e-02
8.0000000000000002e-03
1.1494252873563218e-02
8.0000000000000002e-03
1.0000000000000000e+00
1.0000000000000000e+00
1.6666666666666666e-01
1.5873015873015872e-02
5.0000000000000000e-01
1.1494252873563218e-02
8.0000000000000002e-03
1.1494252873563218e-02
9.4339622641509430e-03
5.2631578947368418e-02
5.2631578947368418e-02
1.1494252873563218e-02
9.0090090090090089e-03
1.0000000000000001e-01
1.1627906976744186e-02
1.0000000000000000e+00
1.1494252873563218e-02
9.4339622641509430e-03
3.3333333333333331e-01
2.0000000000000001e-01
1.1494252873563218e-02
9.4339622641509430e-03
1.1494252873563218e-02
9.4339622641509430e-03
1.3698630136986301e-02
1.2345679012345678e-02
2.5000000000000000e-01
2.8571428571428571e-02
5.8139534883720929e-03
5.4945054945054949e-03
9.0909090909090912e-02
4.7619047619047616e-02
5.2631578947368418e-02
1.1494252873563218e-02
9.2592592592592587e-03
1.1494252873563218e-02
1.1904761904761904e-02
1.0000000000000000e+00
8.3333333333333329e-02
4.3478260869565216e-02
5.2631578947368418e-02
1.0000000000000001e-01
6.1728395061728392e-03
5.4945054945054949e-03
1.0000000000000000e+00
4.3478260869565216e-02
5.2631578947368418e-02
8.3333333333333329e-02
3.8461538461538464e-02
8.3333333333333329e-02
3.8461538461538464e-02
2.1276595744680851e-02
1.3888888888888888e-02
8.3333333333333329e-02
3.8461538461538464e-02
1.0000000000000000e+00
3.3333333333333331e-01
5.0000000000000000e-01
1.0000000000000000e+00
5.8139534883720929e-03
5.4945054945054949e-03
1.9230769230769232e-02
8.5470085470085479e-03
6.6666666666666671e-03
2.7027027027027029e-02
2.5000000000000000e-01
1.1494252873563218e-02
1.1904761904761904e-02
1.0000000000000001e-01
5.0000000000000000e-01
1.2658227848101266e-02
8.0000000000000002e-03
2.2222222222222223e-02
1.2048192771084338e-02
1.0000000000000000e+00
1.0000000000000000e+00
1.1494252873563218e-02
9.0090090090090089e-03
1.2658227848101266e-02
9.4339622641509430e-03
1.0000000000000000e+00
3.3333333333333331e-01
1.1494252873563218e-02
9.0090090090090089e-03
1.0000000000000000e+00
3.1250000000000000e-02
1.1494252873563218e-02
9.0090090090090089e-03
1.2658227848101266e-02
8.0000000000000002e-03
1.0000000000000000e+00
1.2658227848101266e-02
8.0000000000000002e-03
1.0000000000000000e+00
5.8139534883720929e-03
5.4945054945054949e-03
5.8139534883720929e-03
5.4945054945054949e-03
5.8139534883720929e-03
5.4945054945054949e-03
6.6666666666666671e-03
2.7027027027027029e-02
1.2658227848101266e-02
8.0000000000000002e-03
5.8139534883720929e-03
5.4945054945054949e-03
1.1627906976744186e-02
3.3333333333333331e-01
3.3333333333333331e-01
4.3478260869565216e-02
5.2631578947368418e-02
4.2735042735042739e-03
1.0101010101010102e-02
3.3333333333333331e-01
5.0000000000000000e-01
1.2195121951219513e-02
7.3529411764705881e-03
2.1276595744680851e-02
1.3888888888888888e-02
1.4285714285714285e-01
5.8139534883720929e-03
5.4945054945054949e-03
1.6666666666666666e-01
1.0000000000000000e+00
3.3333333333333331e-01
1.2195121951219513e-02
7.3529411764705881e-03
1.2658227848101266e-02
9.4339622641509430e-03
5.8139534883720929e-03
5.4945054945054949e-03
3.3333333333333331e-01
5.8139534883720929e-03
5.4945054945054949e-03
1.3698630136986301e-02
1.1904761904761904e-02
3.3333333333333331e-01
1.0000000000000000e+00
4.6511627906976744e-03
5.4054054054054057e-03
1.0000000000000000e+00
6.6666666666666671e-03
5.6818181818181820e-03
1.0000000000000000e+00
1.0000000000000000e+00
1.2658227848101266e-02
9.4339622641509430e-03
1.2658227848101266e-02
7.7519379844961239e-03
1.2658227848101266e-02
7.7519379844961239e-03
5.0000000000000000e-01
7.1428571428571425e-02
1.0526315789473684e-02
9.4339622641509430e-03
5.8139534883720929e-03
5.4945054945054949e-03
2.0000000000000001e-01
2.2222222222222223e-02
1.4285714285714285e-02
2.2222222222222223e-02
9.9009900990099011e-03
3.3333333333333331e-01
5.8139534883720929e-03
5.6818181818181820e-03
5.0000000000000000e-01
5.8139534883720929e-03
5.4945054945054949e-03
4.3103448275862068e-03
5.4054054054054057e-03
5.0000000000000003e-02
5.8139534883720929e-03
5.4945054945054949e-03
5.0000000000000000e-01
1.0000000000000000e+00
4.2735042735042739e-03
5.4054054054054057e-03
1.0000000000000000e+00
3.2258064516129031e-02
5.0000000000000000e-01
4.3668122270742356e-03
5.7142857142857143e-03
3.2258064516129031e-02
2.2222222222222223e-02
1.2048192771084338e-02
7.4626865671641790e-03
2.7777777777777776e-02
3.4482758620689655e-02
2.0000000000000001e-01
1.2658227848101266e-02
8.0000000000000002e-03
5.8139534883720929e-03
5.4945054945054949e-03
4.6511627906976744e-03
5.4054054054054057e-03
5.0000000000000000e-01
2.2222222222222223e-02
1.2048192771084338e-02
1.2658227848101266e-02
1.1904761904761904e-02
1.0000000000000000e+00
5.8139534883720929e-03
5.8139534883720929e-03
2.2222222222222223e-02
9.9009900990099011e-03
2.2222222222222223e-02
1.2048192771084338e-02
5.8139534883720929e-03
5.6818181818181820e-03
6.6666666666666671e-03
5.4945054945054949e-03
2.9411764705882353e-02
1.1904761904761904e-02
1.5873015873015872e-02
6.6666666666666671e-03
5.4945054945054949e-03
1.0000000000000000e+00
2.5000000000000000e-01
5.3763440860215058e-03
5.4945054945054949e-03
5.8139534883720929e-03
5.4945054945054949e-03
1.2987012987012988e-02
1.1904761904761904e-02
5.8139534883720929e-03
5.4945054945054949e-03
2.2727272727272728e-02
1.4285714285714285e-02
1.2658227848101266e-02
1.2048192771084338e-02
2.2222222222222223e-02
9.9009900990099011e-03
2.5000000000000000e-01
5.2631578947368420e-03
5.4945054945054949e-03
1.2658227848101266e-02
1.2048192771084338e-02
7.4074074074074077e-03
3.3333333333333331e-01
2.0000000000000000e-02
9.0909090909090912e-02
3.3333333333333331e-01
2.2727272727272728e-02
1.4285714285714285e-02
2.5000000000000000e-01
5.8139534883720929e-03
5.4945054945054949e-03
2.2222222222222223e-02
5.2631578947368418e-02
2.2727272727272728e-02
1.4285714285714285e-02
5.8139534883720929e-03
5.4945054945054949e-03
5.8139534883720929e-03
5.4945054945054949e-03
5.8139534883720929e-03
5.4945054945054949e-03
5.8139534883720929e-03
5.4945054945054949e-03
5.8139534883720929e-03
5.4945054945054949e-03
5.8139534883720929e-03
5.4945054945054949e-03
5.8139534883720929e-03
5.4945054945054949e-03
5.8139534883720929e-03
5.4945054945054949e-03
5.8139534883720929e-03
5.4945054945054949e-03
1.6666666666666666e-01
5.8139534883720929e-03
5.4945054945054949e-03
5.8139534883720929e-03
5.4945054945054949e-03
5.8139534883720929e-03
5.4945054945054949e-03
5.8139534883720929e-03
5.4945054945054949e-03
5.8139534883720929e-03
5.4945054945054949e-03
5.8139534883720929e-03
5.4945054945054949e-03
5.8139534883720929e-03
5.4945054945054949e-03
5.8139534883720929e-03
5.4945054945054949e-03
5.0000000000000000e-01
2.8571428571428571e-02
5.8139534883720929e-03
5.4945054945054949e-03
5.8139534883720929e-03
5.4945054945054949e-03
5.8139534883720929e-03
5.4945054945054949e-03
5.8139534883720929e-03
5.4945054945054949e-03
5.8139534883720929e-03
5.4945054945054949e-03
5.8139534883720929e-03
5.4945054945054949e-03
5.8139534883720929e-03
5.4945054945054949e-03
5.8139534883720929e-03
5.4945054945054949e-03
5.8139534883720929e-03
5.4945054945054949e-03
5.8139534883720929e-03
5.4945054945054949e-03
5.8139534883720929e-03
5.4945054945054949e-03
5.8139534883720929e-03
5.4945054945054949e-03
5.8139534883720929e-03
5.4945054945054949e-03
5.8139534883720929e-03
5.4945054945054949e-03
5.8139534883720929e-03
5.4945054945054949e-03
5.8139534883720929e-03
5.4945054945054949e-03
5.8139534883720929e-03
5.4945054945054949e-03
5.8139534883720929e-03
5.4945054945054949e-03
5.0000000000000000e-01
5.8139534883720929e-03
5.4945054945054949e-03
5.8139534883720929e-03
5.4945054945054949e-03
5.8139534883720929e-03
5.4945054945054949e-03
5.8139534883720929e-03
5.4945054945054949e-03
5.8139534883720929e-03
5.4945054945054949e-03
5.8139534883720929e-03
5.4945054945054949e-03
5.8139534883720929e-03
5.4945054945054949e-03
5.8139534883720929e-03
5.4945054945054949e-03
5.8139534883720929e-03
5.4945054945054949e-03
5.0000000000000003e-02
5.2631578947368418e-02
6.6666666666666666e-02
1.8867924528301886e-02
5.8139534883720929e-03
5.4945054945054949e-03
5.8139534883720929e-03
5.4945054945054949e-03
1.0000000000000000e+00
5.8139534883720929e-03
5.4945054945054949e-03
2.8571428571428571e-02
1.0000000000000000e+00
1.0000000000000000e+00
5.0000000000000000e-01
2.8571428571428571e-02
2.2727272727272728e-02
1.4285714285714285e-02
5.6818181818181820e-03
5.8479532163742687e-03
5.6818181818181820e-03
5.8479532163742687e-03
2.2727272727272728e-02
1.4285714285714285e-02
5.2631578947368420e-03
9.8039215686274508e-03
1.2987012987012988e-02
9.4339622641509430e-03
1.0000000000000000e+00
1.1764705882352941e-02
7.3529411764705881e-03
1.0000000000000000e+00
5.8139534883720929e-03
5.4945054945054949e-03
1.2987012987012988e-02
9.4339622641509430e-03
1.0000000000000000e+00
1.0000000000000000e+00
4.2553191489361703e-03
5.7803468208092483e-03
5.0000000000000000e-01
5.0000000000000000e-01
4.3668122270742356e-03
5.8479532163742687e-03
3.4482758620689655e-02
1.0000000000000001e-01
1.1904761904761904e-02
1.5873015873015872e-02
2.5000000000000000e-01
1.0000000000000000e+00
1.0000000000000000e+00
1.0000000000000000e+00
1.0000000000000000e+00
1.3698630136986301e-02
1.1904761904761904e-02
4.2735042735042739e-03
5.4054054054054057e-03
5.2910052910052907e-03
5.8479532163742687e-03
4.3668122270742356e-03
5.4054054054054057e-03
1.2658227848101266e-02
1.2345679012345678e-02
5.0000000000000000e-01
5.3763440860215058e-03
5.8139534883720929e-03
6.6666666666666666e-02
2.2222222222222223e-02
1.1235955056179775e-02
1.0000000000000000e+00
3.3333333333333331e-01
1.0000000000000000e+00
5.8139534883720929e-03
5.4945054945054949e-03
2.2222222222222223e-02
1.4285714285714285e-02
1.5873015873015872e-02
1.0000000000000000e+00
5.0000000000000000e-01
4.2735042735042739e-03
5.4054054054054057e-03
1.2820512820512820e-02
1.2195121951219513e-02
1.0000000000000000e+00
5.8139534883720929e-03
5.8139534883720929e-03
5.0000000000000000e-01
1.0000000000000000e+00
2.2222222222222223e-02
1.1235955056179775e-02
4.3290043290043290e-03
3.3333333333333331e-01
5.8139534883720929e-03
5.8139534883720929e-03
5.8139534883720929e-03
5.8139534883720929e-03
6.9444444444444441e-03
2.9411764705882353e-02
1.0000000000000000e+00
1.0000000000000000e+00
5.8139534883720929e-03
5.8139534883720929e-03
1.2658227848101266e-02
1.2345679012345678e-02
5.8139534883720929e-03
5.8139534883720929e-03
2.8571428571428571e-02
4.3668122270742356e-03
5.7142857142857143e-03
3.3333333333333331e-01
3.3333333333333331e-01
1.0000000000000000e+00
1.0000000000000000e+00
7.4626865671641790e-03
2.7777777777777776e-02
2.8571428571428571e-02
1.2820512820512820e-02
1.2195121951219513e-02
4.3668122270742356e-03
5.4054054054054057e-03
5.0000000000000000e-01
2.8571428571428571e-02
1.4285714285714285e-01
4.7619047619047616e-02
5.2631578947368418e-02
7.6923076923076927e-02
1.0000000000000000e+00
2.8571428571428571e-02
2.8571428571428571e-02
6.6225165562913907e-03
5.3475935828877002e-03
2.0000000000000001e-01
4.3478260869565218e-03
5.4054054054054057e-03
1.0000000000000000e+00
5.0000000000000000e-01
3.3333333333333331e-01
4.3668122270742356e-03
5.4054054054054057e-03
4.2735042735042739e-03
5.4054054054054057e-03
1.0000000000000000e+00
1.0000000000000000e+00
2.8571428571428571e-02
6.8965517241379309e-03
2.5641025641025640e-02
2.5000000000000000e-01
4.3478260869565218e-03
2.8571428571428571e-02
4.2735042735042739e-03
5.4054054054054057e-03
2.2727272727272728e-02
7.7519379844961239e-03
1.0000000000000000e+00
2.5000000000000000e-01
4.5454545454545452e-03
5.3763440860215058e-03
2.8571428571428571e-02
1.2658227848101266e-02
1.2048192771084338e-02
1.0000000000000000e+00
2.5000000000000000e-01
3.3333333333333331e-01
2.9411764705882353e-02
3.3333333333333331e-01
4.7393364928909956e-03
5.3191489361702126e-03
2.5000000000000000e-01
3.3333333333333331e-01
5.0000000000000000e-01
2.5000000000000000e-01
5.0000000000000000e-01
7.0422535211267607e-03
2.2222222222222223e-02
7.7519379844961239e-03
4.3668122270742356e-03
5.8479532163742687e-03
4.3668122270742356e-03
3.0303030303030304e-02
5.3191489361702126e-03
5.4945054945054949e-03
1.0000000000000000e+00
2.2222222222222223e-02
7.7519379844961239e-03
6.8965517241379309e-03
2.5641025641025640e-02
1.0000000000000000e+00
1.0000000000000000e+00
1.9230769230769232e-02
1.3513513513513514e-02
9.0090090090090089e-03
2.8571428571428571e-02
2.5000000000000000e-01
4.3668122270742356e-03
3.0303030303030304e-02
2.2222222222222223e-02
7.7519379844961239e-03
3.3333333333333331e-01
1.5873015873015872e-02
2.8571428571428571e-02
2.2222222222222223e-02
7.7519379844961239e-03
5.0000000000000000e-01
5.0000000000000000e-01
1.6666666666666666e-01
6.9930069930069930e-03
2.7777777777777776e-02
6.9444444444444441e-03
2.5641025641025640e-02
1.4285714285714285e-01
2.5000000000000000e-01
2.0000000000000001e-01
1.0000000000000000e+00
1.2658227848101266e-02
9.5238095238095247e-03
1.0000000000000000e+00
2.2222222222222223e-02
7.7519379844961239e-03
1.2658227848101266e-02
1.2048192771084338e-02
6.7114093959731542e-03
5.3763440860215058e-03
1.0000000000000000e+00
2.2222222222222223e-02
7.7519379844961239e-03
1.2658227848101266e-02
1.0638297872340425e-02
2.2222222222222223e-02
7.7519379844961239e-03
1.2658227848101266e-02
9.5238095238095247e-03
2.2222222222222223e-02
7.7519379844961239e-03
3.3333333333333331e-01
4.2735042735042739e-03
5.4054054054054057e-03
8.3333333333333329e-02
1.3698630136986301e-02
1.0000000000000000e+00
5.0000000000000000e-01
7.3529411764705881e-03
2.5000000000000001e-02
2.2222222222222223e-02
7.7519379844961239e-03
6.8965517241379309e-03
5.3191489361702126e-03
7.4074074074074077e-03
7.6923076923076927e-02
9.5238095238095247e-03
3.8461538461538464e-02
2.5641025641025640e-02
7.7519379844961239e-03
9.5238095238095247e-03
5.0000000000000000e-01
1.0000000000000000e+00
1.0000000000000000e+00
2.2222222222222223e-02
7.7519379844961239e-03
1.0000000000000000e+00
7.6923076923076927e-03
2.7777777777777776e-02
1.0000000000000000e+00
7.6923076923076927e-03
2.7777777777777776e-02
2.2222222222222223e-02
7.7519379844961239e-03
5.2631578947368420e-03
5.4945054945054949e-03
2.2222222222222223e-02
7.7519379844961239e-03
5.0000000000000000e-01
1.0000000000000000e+00
3.2258064516129031e-02
2.0000000000000000e-02
1.0000000000000000e+00
2.5000000000000000e-01
1.1627906976744186e-02
1.4084507042253521e-02
7.4074074074074077e-03
5.3191489361702126e-03
5.0000000000000000e-01
7.5757575757575760e-03
5.2631578947368418e-02
7.0921985815602835e-03
1.0416666666666666e-02
1.0000000000000000e+00
1.4285714285714285e-02
5.0000000000000000e-01
2.8571428571428571e-02
6.4516129032258064e-03
5.8139534883720929e-03
9.7087378640776691e-03
2.0000000000000001e-01
3.3333333333333331e-01
2.5000000000000000e-01
3.3333333333333331e-01
5.2631578947368420e-03
5.4945054945054949e-03
1.0000000000000000e+00
4.3290043290043290e-03
2.7777777777777776e-02
1.0000000000000000e+00
1.0000000000000000e+00
4.6511627906976744e-03
1.0752688172043012e-02
7.4074074074074077e-03
5.3763440860215058e-03
1.6666666666666666e-01
1.0000000000000000e+00
1.0000000000000000e+00
3.5714285714285712e-02
2.0000000000000000e-02
5.0000000000000000e-01
2.4390243902439025e-02
1.1235955056179775e-02
3.1250000000000000e-02
2.7027027027027029e-02
6.8965517241379309e-03
1.0000000000000000e+00
7.7519379844961239e-03
5.4945054945054949e-03
4.7393364928909956e-03
5.3191489361702126e-03
6.6666666666666671e-03
8.7719298245614030e-03
5.8823529411764705e-02
1.8867924528301886e-02
5.0000000000000000e-01
1.3888888888888888e-02
1.0989010989010990e-02
1.0000000000000000e+00
4.3290043290043290e-03
5.8479532163742687e-03
4.3668122270742356e-03
2.7777777777777776e-02
2.0000000000000001e-01
2.5000000000000001e-02
1.4285714285714285e-02
3.3333333333333331e-01
6.7567567567567571e-03
5.4054054054054057e-03
4.3290043290043290e-03
5.7803468208092483e-03
1.0000000000000000e+00
9.7087378640776691e-03
2.0000000000000001e-01
1.0000000000000000e+00
2.8571428571428571e-02
1.0000000000000001e-01
3.8461538461538464e-02
6.8027210884353739e-03
5.3191489361702126e-03
7.2463768115942030e-03
5.4054054054054057e-03
4.2918454935622317e-03
2.9411764705882353e-02
2.0000000000000000e-02
4.5045045045045045e-03
5.7142857142857143e-03
4.2918454935622317e-03
4.3290043290043290e-03
5.3475935828877002e-03
2.0000000000000001e-01
8.2644628099173556e-03
4.7619047619047616e-02
1.6666666666666666e-01
2.9411764705882353e-02
2.8571428571428571e-02
4.2918454935622317e-03
5.4054054054054057e-03
5.0000000000000000e-01
2.5000000000000000e-01
6.9930069930069930e-03
2.7777777777777776e-02
6.9930069930069930e-03
2.7777777777777776e-02
6.9444444444444441e-03
2.5641025641025640e-02
2.1739130434782608e-02
9.7087378640776691e-03
6.7114093959731542e-03
5.3763440860215058e-03
1.0000000000000000e+00
1.0000000000000000e+00
7.3529411764705881e-03
4.3668122270742356e-03
2.7777777777777776e-02
2.5000000000000000e-01
2.2727272727272728e-02
7.7519379844961239e-03
6.4516129032258064e-03
2.5641025641025640e-02
1.0000000000000000e+00
3.3333333333333331e-01
5.0000000000000000e-01
7.5187969924812026e-03
6.9444444444444441e-03
2.5641025641025640e-02
1.0000000000000000e+00
6.6666666666666671e-03
2.7027027027027029e-02
2.2727272727272728e-02
7.7519379844961239e-03
4.3668122270742356e-03
2.7777777777777776e-02
7.0422535211267607e-03
4.7619047619047616e-02
1.0000000000000000e+00
9.7087378640776691e-03
1.4285714285714285e-02
3.3333333333333331e-01
7.7519379844961239e-03
1.0000000000000000e+00
4.3290043290043290e-03
5.7803468208092483e-03
5.0000000000000000e-01
2.0408163265306121e-02
6.8965517241379309e-03
9.7087378640776691e-03
1.0000000000000000e+00
5.0000000000000000e-01
9.5238095238095247e-03
1.0000000000000000e+00
2.0000000000000001e-01
5.5555555555555552e-02
2.0000000000000000e-02
2.0000000000000001e-01
7.0921985815602835e-03
2.7777777777777776e-02
2.5000000000000000e-01
2.5000000000000000e-01
5.0000000000000000e-01
6.4516129032258064e-03
2.7777777777777776e-02
1.0000000000000000e+00
7.8740157480314960e-03
5.3191489361702126e-03
6.4516129032258064e-03
2.7777777777777776e-02
2.7027027027027029e-02
1.0000000000000000e+00
4.0000000000000001e-02
1.8867924528301886e-02
2.0000000000000000e-02
1.2048192771084338e-02
3.3333333333333331e-01
7.4626865671641790e-03
5.0000000000000003e-02
2.5000000000000000e-01
2.5000000000000000e-01
3.3333333333333331e-01
1.2048192771084338e-02
4.3103448275862068e-03
5.4054054054054057e-03
4.4247787610619468e-03
5.3191489361702126e-03
1.0000000000000000e+00
3.3333333333333331e-01
1.0000000000000000e+00
1.0000000000000000e+00
4.7393364928909956e-03
5.3191489361702126e-03
5.5555555555555552e-02
2.0000000000000000e-02
4.1666666666666664e-02
2.0000000000000000e-02
1.0000000000000000e+00
6.4102564102564100e-03
5.4054054054054057e-03
1.6666666666666666e-01
4.1666666666666664e-02
2.0000000000000000e-02
7.3529411764705881e-03
5.4054054054054057e-03
3.0303030303030304e-02
1.4285714285714285e-01
4.2735042735042739e-03
5.4054054054054057e-03
2.8571428571428571e-02
1.1627906976744186e-02
6.9444444444444441e-03
5.3191489361702126e-03
2.0000000000000001e-01
1.0000000000000000e+00
5.5555555555555552e-02
2.0000000000000000e-02
1.6666666666666666e-01
2.0000000000000001e-01
6.9444444444444441e-03
2.5641025641025640e-02
2.3255813953488372e-02
7.7519379844961239e-03
2.5000000000000000e-01
7.5187969924812026e-03
5.3475935828877002e-03
4.2918454935622317e-03
5.4054054054054057e-03
2.3255813953488372e-02
7.7519379844961239e-03
5.5555555555555552e-02
2.0000000000000000e-02
2.0000000000000001e-01
4.2735042735042739e-03
5.4054054054054057e-03
4.7393364928909956e-03
5.0000000000000000e-01
4.3668122270742356e-03
5.4054054054054057e-03
1.0000000000000000e+00
6.8493150684931503e-03
2.7027027027027029e-02
1.0000000000000000e+00
5.0000000000000000e-01
5.5555555555555552e-02
2.0000000000000000e-02
7.1428571428571426e-03
5.3191489361702126e-03
6.9444444444444441e-03
2.5641025641025640e-02
2.7777777777777776e-02
2.0000000000000000e-02
1.0000000000000000e+00
1.4285714285714285e-01
2.8571428571428571e-02
4.2735042735042739e-03
5.4054054054054057e-03
4.2918454935622317e-03
5.4054054054054057e-03
4.2735042735042739e-03
5.4054054054054057e-03
4.2918454935622317e-03
5.4054054054054057e-03
2.5000000000000000e-01
1.0000000000000000e+00
5.0000000000000000e-01
6.7114093959731542e-03
4.2735042735042739e-03
5.4054054054054057e-03
4.2735042735042739e-03
1.0638297872340425e-02
6.4516129032258064e-03
2.7777777777777776e-02
6.2893081761006293e-03
5.4054054054054057e-03
1.0000000000000000e+00
2.0000000000000001e-01
4.2918454935622317e-03
5.4054054054054057e-03
4.2735042735042739e-03
5.4054054054054057e-03
2.3809523809523808e-02
1.0526315789473684e-02
3.3333333333333331e-01
7.3529411764705881e-03
5.4054054054054057e-03
6.2893081761006293e-03
5.4054054054054057e-03
5.5555555555555552e-02
2.0000000000000000e-02
1.0000000000000000e+00
6.7567567567567571e-03
5.5865921787709499e-03
2.9411764705882353e-02
2.0000000000000001e-01
2.0000000000000001e-01
2.5000000000000000e-01
5.8823529411764705e-02
2.0000000000000000e-02
3.3333333333333331e-01
6.8965517241379309e-03
5.3191489361702126e-03
5.0000000000000000e-01
1.0000000000000000e+00
4.3668122270742356e-03
5.4054054054054057e-03
1.0000000000000000e+00
9.5238095238095247e-03
3.8461538461538464e-02
4.2735042735042739e-03
5.4054054054054057e-03
2.8571428571428571e-02
3.1250000000000000e-02
4.2735042735042739e-03
5.4054054054054057e-03
1.5873015873015872e-02
2.0000000000000000e-02
4.3668122270742356e-03
5.4054054054054057e-03
2.9411764705882353e-02
0.0
1.0000000000000000e+00
1.8867924528301886e-02
1.2658227848101266e-02
6.7114093959731542e-03
5.3191489361702126e-03
4.2735042735042739e-03
5.4054054054054057e-03
4.2735042735042739e-03
5.4054054054054057e-03
4.2735042735042739e-03
5.4054054054054057e-03
4.2735042735042739e-03
5.4054054054054057e-03
4.2735042735042739e-03
5.4054054054054057e-03
4.3668122270742356e-03
5.4054054054054057e-03
4.2735042735042739e-03
5.4054054054054057e-03
4.2735042735042739e-03
5.4054054054054057e-03
4.2735042735042739e-03
5.4054054054054057e-03
4.2735042735042739e-03
5.4054054054054057e-03
4.2735042735042739e-03
5.4054054054054057e-03
4.2735042735042739e-03
5.4054054054054057e-03
4.2735042735042739e-03
5.4054054054054057e-03
6.9930069930069930e-03
5.3475935828877002e-03
4.3668122270742356e-03
5.4054054054054057e-03
4.2735042735042739e-03
5.4054054054054057e-03
4.2735042735042739e-03
5.4054054054054057e-03
4.2735042735042739e-03
5.4054054054054057e-03
4.3668122270742356e-03
5.4054054054054057e-03
4.2735042735042739e-03
5.4054054054054057e-03
4.2735042735042739e-03
5.4054054054054057e-03
5.2631578947368420e-03
5.4347826086956520e-03
4.2735042735042739e-03
5.4054054054054057e-03
