1.9607843137254902e-02
4.0000000000000001e-02
2.2727272727272728e-02
2.9411764705882353e-02
1.9607843137254902e-02
1.4925373134328358e-02
3.4482758620689655e-02
1.7857142857142856e-02
2.1276595744680851e-02
1.4084507042253521e-02
4.1666666666666664e-02
2.7777777777777776e-02
1.3333333333333334e-02
1.4925373134328358e-02
1.4705882352941176e-02
1.8867924528301886e-02
1.3333333333333334e-02
1.4925373134328358e-02
1.3157894736842105e-02
1.3157894736842105e-02
1.4925373134328358e-02
4.1666666666666664e-02
1.7857142857142856e-02
1.4925373134328358e-02
5.5555555555555552e-02
1.3157894736842105e-02
1.4925373134328358e-02
1.4705882352941176e-02
0.0
0.0
1.5151515151515152e-02
1.7543859649122806e-02
1.4925373134328358e-02
1.6666666666666666e-02
1.8867924528301886e-02
1.4084507042253521e-02
4.0000000000000001e-02
2.9411764705882353e-02
1.4925373134328358e-02
5.0000000000000000e-01
3.3333333333333331e-01
3.3333333333333331e-01
1.0000000000000000e+00
2.5000000000000000e-01
1.6666666666666666e-01
1.6666666666666666e-01
1.3157894736842105e-02
1.4925373134328358e-02
1.4925373134328358e-02
1.4925373134328358e-02
1.3157894736842105e-02
1.4925373134328358e-02
1.3157894736842105e-02
1.4925373134328358e-02
1.3157894736842105e-02
1.4925373134328358e-02
4.0000000000000001e-02
4.0000000000000001e-02
0.0
1.4925373134328358e-02
2.0000000000000001e-01
1.4285714285714285e-01
2.0000000000000001e-01
1.4285714285714285e-01
5.0000000000000000e-01
3.3333333333333331e-01
2.9411764705882353e-02
1.0000000000000000e+00
1.4925373134328358e-02
1.6129032258064516e-02
1.6949152542372881e-02
1.6129032258064516e-02
1.6129032258064516e-02
1.6129032258064516e-02
1.6129032258064516e-02
1.6129032258064516e-02
1.6129032258064516e-02
1.6129032258064516e-02
1.8181818181818181e-02
1.5873015873015872e-02
3.2258064516129031e-02
1.6949152542372881e-02
1.6129032258064516e-02
0.0
1.0000000000000000e+00
2.5000000000000000e-01
1.4925373134328358e-02
2.1739130434782608e-02
1.3157894736842105e-02
1.5151515151515152e-02
1.4705882352941176e-02
1.7857142857142856e-02
1.6666666666666666e-02
1.6129032258064516e-02
1.6666666666666666e-02
2.5000000000000000e-01
2.5000000000000000e-01
2.0000000000000001e-01
1.4925373134328358e-02
2.7777777777777776e-02
4.1666666666666664e-02
1.4925373134328358e-02
1.4925373134328358e-02
3.3333333333333333e-02
1.4285714285714285e-02
1.0000000000000000e+00
2.7027027027027029e-02
3.3333333333333333e-02
6.2500000000000000e-02
2.5000000000000000e-01
5.0000000000000000e-01
1.4285714285714285e-01
1.0000000000000000e+00
1.0000000000000000e+00
3.3333333333333331e-01
2.0000000000000001e-01
1.0000000000000000e+00
2.5000000000000000e-01
1.0000000000000000e+00
1.0000000000000000e+00
1.0000000000000000e+00
1.2500000000000000e-01
1.2500000000000000e-01
1.2500000000000000e-01
1.2500000000000000e-01
1.2500000000000000e-01
1.2500000000000000e-01
1.2500000000000000e-01
1.0000000000000000e+00
2.5000000000000000e-01
5.0000000000000000e-01
1.0000000000000000e+00
2.5000000000000000e-01
5.0000000000000000e-01
1.0000000000000000e+00
2.0000000000000001e-01
2.0000000000000001e-01
2.5000000000000000e-01
1.0000000000000000e+00
2.0000000000000001e-01
2.0000000000000001e-01
2.5000000000000000e-01
2.0000000000000001e-01
2.0000000000000001e-01
2.5000000000000000e-01
2.0000000000000001e-01
2.0000000000000001e-01
2.5000000000000000e-01
2.0000000000000001e-01
2.0000000000000001e-01
